13118724424632
86489061756871
68742509138914
05170254309285
32583168476128
64931072357637
19020917290436
35748634681055

44250400788104
96258421782068
10617316056063
17230730315772
40856952149212
49184184290823
21072004603260
73912057314416

24312902275690
60751853680287
15679471307132
18394625841694
98720152386250
97123410010915
52695647984291
86488273342337

12618022273950
40731836980287
23975471607168
38654923841952
54720132089231
27126410530513
08953947614659
69478296282268

00584855982359
86223014620647
41790791376471
67145683589285
50320314091368
08957741264036
21895865328791
15742693517820

03169072206895
29918463370536
26477246811471
30543598293097
95180945725385
76028025145620
86376179386142
02517463971903

45688432153219
82364526912659
28930154678402
21698013754027
77147628329316
63476597817501
32905849045897
75238133628639

65980452765625
86254793410576
73456671302093
42271080135459
30631899268813
16033448264725
84087339241785
37795066391642

36312341544517
90651853732276
15769461308133
98394210841795
81620155687351
26273416010011
01794746984291
30489250758564

77251005593552
54095437958421
91469358785608
53873167552535
65021967001152
56917251925546
54185523455543
60058112555555

00009976005021
00051287906618
00000058439739
03080832697000
75080035251090
00160675834820
00003241739456
00002610007568

34392965379863
87625823588844
96417211322885
48875074690452
00659748254523
03383334199683
29970164270646
67409898593154

13118325525123
86584961706871
68752094138419
90179205394208
32083168576127
65431972309630
14929427368359
30758315642895

41682407120313
82364526712653
28730154698402
91678013954029
09149628327316
63496579819571
32705730564809
95284185228234

52488291802035
01342914751403
18736502498261
65478653602619
39529418317354
93293079859046
76178507460271
40712862713883

86513122211752
40250673456420
19786987093405
57932410218152
36053139687338
61826793945640
57182402451204
72395182793175

58110724952486
06603961756054
32742593180345
95179254893219
83508160476120
64381972150683
16829387289014
35740654332742

52688291802035
01362916751603
18734502698241
45678453402419
39529618317356
93293079859064
74178507640271
60712842713883

80944261438047
41738619251802
14273508964931
05924357308316
26586914710759
67867026459272
63124502898936
55218438201395

