65980452765625
86254793410576
73456671302093
42271080135459
30631899268813
16033448264725
84087339241785
37795066391642

36312341544517
90651853732276
15769461308133
98394210841795
81620155687351
26273416010011
01794746984291
30489250758564

77251005593552
54095437958421
91469358785608
53873167552535
65021967001152
56917251925546
54185523455543
60058112555555

00009976005021
00051287906618
00000058439739
03080832697000
75080035251090
00160675834820
00003241739456
00002610007568

33561877880805
14099931690580
71469938981603
53875165152231
95021967001123
66913694927648
64184723455781
60058012317174

10820521249030
80213258164327
94374067098162
13651471902160
89805105324940
70804619353750
12187650887125
96510381206121

77251005593552
54095437958421
91469358780608
03873167572835
64021967001122
46917251925546
34184323449603
60058112376975

46186428695609
86593405402174
03425652414013
41271780176209
40661899618040
66993448270522
75737559735851
15771523113487

15519973663521
41051287176618
82965058439739
66480032697060
17081051251090
43135675834888
14103241739484
44412819002166

20810942279503
52651853782576
15769461306133
48394286841904
91820355687350
26123479027685
32794510954097
50489283210474

17289521342034
80213258114325
54374067098610
13651474982164
79805181226945
20480199653752
02187650387120
80596301202619

24312902275690
60751853680287
15679471307132
18394625841694
98720152386250
97123410010915
52695647984291
86488273342337

19289521527034
80213258144325
54374067098610
13651974982164
79805181226945
50480199653752
02187650387128
99526301220619

17289521320538
80213258144327
54374067098610
13651474982164
79805181226945
50480699653752
02187650387129
86591301229619

20840942279306
52651853782576
15769461306133
48394286841904
91820355687350
26123479027687
32794110954097
10485563210479

24312602275690
90751853680287
15679471307132
18394625841694
98720152386250
97123410010915
52695647984291
86488273352337

24312902275690
60751853680287
15679471307132
18394625841694
98720152386250
97123410010915
52695647984291
86488273342337

24612302275390
90751856380287
15379471607162
18694325841394
98720152683250
97126410010915
52395347984291
83488276652667

10771698299609
56851467326538
65389241705178
42734928041924
09250765863754
78107439023063
16394513914826
15485286751470

78903504372450
40621329460379
12465861906196
13958472381458
53670127034227
57169810910516
27452486538751
94837237627992

12618022273950
40731836980287
23975471607168
38654923841952
54720132089231
27126410530513
08953947614659
69478296282268

98703504392450
40621327460397
12465861706176
13758492381458
53690129034229
59167810710516
29452486538951
74839239629772

80518592234670
70341845680287
24639731509159
48597624871695
97320142086947
23125710940362
08694673513526
56814685278801

04816052267540
40971678590269
37594391809186
78643527631542
43920172065271
29128310470417
06547539813845
85395268262286

02715968856920
20461562940854
36942341704175
67523986531927
23480168059861
34167310260216
05928934713729
79355847858875

19126317335858
65586238699388
64189120523437
86377318662108
68045652047075
79613940296243
25131497038469
42598800825575

13996107983931
62230621126934
79220551510579
21457067280113
78146179097453
11472368645279
27384510732697
88800781226579

24312902275690
60751853680287
15679471307132
18394625841694
98720152386250
97123410010915
52695647984291
86488273342337

70333902720274
21703639256620
95702302415733
96919072567974
71147030309152
11489381283408
18158932166996
44037862275362

40994237153258
62764529812981
26873154906432
51985317054320
04160926728718
57409583019051
52835648346305
36076177968242

34392965379863
87625823588844
96417211322885
48875074690452
00659748254523
03383334199683
29970164270646
67409898593154

10331296879209
52651423782576
25769841306136
48374986041984
90850325687350
36123479027615
22794510954092
10485683211402

96063117752872
57998526961153
20632644312504
61470248135738
65105196677870
51683700238208
85371969479025
97094938901277

29676857689999
97117583230632
85551064581426
12847330734910
46223558653976
27905244920907
73443729811053
33393669533786

40994237127258
62764529812981
26873154906432
51985317054320
04160926728718
57409583019051
52835648346305
36076177968242

38410180735468
64347510871341
52623019143558
83062967581699
53944773732403
21382478591765
15006590453679
67896104132089

82413333821005
13950371983438
82268830758064
45921114544714
95895651367033
52397643712733
00373355090282
86907356675643

92419651561982
20706520134574
65916835473213
73817226911101
14739981798074
84824917428943
21037556623785
86623453043040

40994725182783
67564879317931
76352184906427
81938215084270
24160976573513
85409832019081
57328643246208
26056155963747

26228516919364
83987032543851
38591407268722
04250149607184
61486238953216
39762051640367
27510715178975
64089939281457

13118724424632
86489061756871
68742509138914
05170254309285
32583168476128
64931072357637
19020917290436
35748634681050

