80944261438047
41738619251802
14273508964931
05924357308316
26586914710759
67867026459272
63124502898936
55218438201395

70844291437046
41637918251702
14263507894831
05824356307319
29579814610658
96796029458262
93124502787839
55217437201385

60844291436047
41736918251602
14273506894831
05824357306319
29569814710758
97697029458279
73124502686839
55216436201385

60844391426045
41526918371603
14352706894821
07834275206219
39769814510578
95695039478359
92134703686829
77316426301287

43788402813486
52613027592345
28561943708712
49758196143120
40930728624697
06306450897504
61258945371310
99523813562149

03788042813085
62513427692306
28651903748712
09768195103124
64934728520597
45345064897640
51268906371314
99623813652108

73899742913790
62013428652376
29601573849812
75869150173124
64534829027058
40340764958647
01269576381314
55623913602179

70844293417046
43617938253702
34261507894813
05824156107139
29579834630658
96796029458269
61324502787819
55237417203185

50844293415047
43715938263502
34271605894813
06824167105139
29659834730768
97597029468279
71324602585819
66235415203186

50844192435047
42735928162501
24173605894832
06814367305329
19659824720768
97597019468179
73214601585839
66125435102386

70844192437046
42637928152701
24163507894832
05814356307329
19579824620658
96796019458169
63214501787839
55127437102385

60844192436047
42736928152601
24173506894832
05814357306329
19569824720758
97697019458179
73214501686839
55126436102385

70844392417046
42617928352703
24361507894812
05834156107129
39579824620658
96796039458369
61234503787819
55327417302185

27033719367718
49802190459074
93486572013269
75043658672691
41521093897850
18218741350481
86943574206235
55492362481673

26833619376610
49082198459864
93407562813279
65843750762791
41521893096058
10210641358401
07943564287235
55492372401763

29033917369914
57402170587095
73546892013267
98053684692671
51821073479480
14214951380541
46753895206238
88572362541693

27033718367715
48502180498074
83456972013268
79043695672681
41921083587590
15215741390451
56843974206239
99482362451673

27033719387715
49502190469074
93458672013289
76043865872891
41621093597560
15215741360451
58943674208236
66492382451873

29533917369910
47052175487594
73406892513267
98543680692671
41821573079085
10210941385401
06743894256238
88472362401693

64588293816487
83716935203642
38271046598513
40528107146139
29069538734705
97697429805272
91328042656519
00236816243150

03788042813085
62513427692306
28651903748712
09768195103124
64934728520597
45345064897640
51268906371314
99623813642108

71688142831785
02531426092170
28053971648632
79608395371324
04914628527596
45145704896047
53208970163134
99021831024378

61077143721678
53821430593165
37582961047023
69057298261234
54914037836890
48148654790546
82357965102124
99531721534267

81577143721876
03621435093180
37062981547523
89507296281234
04914537638695
46146804795048
62307980152124
99031721034287

71588143821786
03621435093170
38062971548523
79508296271234
04914538637695
46146704895047
62308970152124
99031821034278

52088241832586
71632410791257
18763952048031
59078396352314
74924018615690
46246574890745
63178957203234
99712832714358

71688143821785
03521436093170
38052971648623
79608295271234
04914638537596
45145704896047
52308970162124
99031821034278

83066341623867
51723410591385
16572983046021
89056297283214
54934016718790
47347854690548
72156985302324
99513623514286

81077142731876
52631420592185
27563981047032
89057396381324
54914027628690
46146854790548
63257985103134
99521731524387

71088142831786
52631420592175
28563971048032
79058396371324
54914028627690
46146754890547
63258975103134
99521831524378

83066941623867
51723410591385
16572983046021
89056297283214
54934016718790
47347854690548
72156985302324
99513623514286

73055941523758
61823410691376
15682973045021
79065298273214
64934015817890
48348764590647
82165976302324
99613523614275

26911638176675
48592389408964
81457062931278
60941705762783
43023981586509
35235643109453
57841064297210
00482172453761

30611024170078
54863246594605
41587903621374
09651798703742
52932641840896
28328052196582
87451905367319
99543173582701

02699841932097
51732416581205
19573802649631
08659387302314
54824619710786
47247054986540
73159805263234
88512932514309

15622539275574
09461396089650
92047851632179
58602784751793
03813692495486
34134503286043
47902850167128
78091271043752

82600941032807
51732416591285
10573982640631
89650397382314
54924610718796
47247854096548
73150985263234
99512032514380

24733415304408
95872157965749
53980642713205
46793068042051
91621753854867
18218491367981
80593649270236
66952302981043

30522016270074
86453165896508
62847903512376
09582794703761
81931562460495
14314081295841
47682908357329
99863273841702

18533827398894
67451275607586
73649081523197
80563904981972
62012573478405
24124862305642
49763086159130
00671391642983

27533719387784
09452195069570
93048672513289
76503864872891
01621593497465
14214701365041
48903670258236
66092382041873

25911534165530
74092349784957
41706852931264
58971680652643
73823941045089
30230573189703
06471857296218
88742162703651

27033715397716
45602150485074
53469872013295
78043986972951
41821053657680
16216741380461
69543874209238
88452392461973

35011527185529
47903270467054
71498653021387
56041869853872
42632071975960
29329542160492
98741654308316
66473183492851

27811739157734
69482398609876
91645072831259
70861504572593
63023891497408
34234763108643
45961076285210
00692152643571

25633519375574
89462196809658
93847052613279
50683704752791
81021693495406
14214581306841
47983058267230
00892372841753

15033528395524
78401280768057
83749651023198
56073964951982
72612083485460
24124572360742
49873657109136
66781391742953

30711029180024
59473297569705
91548603721389
06751864803892
52632791490467
24324052167542
48951605378316
66593183542801

16533629306680
49851295479564
93480761523109
67543078061092
42712593896875
28128642375482
80943764150137
77491301482063

14822437204490
57981378567845
72590641832107
46852069041073
53613872974968
39139453268593
90752645180126
66571201593042

38411825198869
75643254705487
51769083421395
80471906983952
72032451658604
26326872104762
69571087349310
00753193762981

16033629376687
49801290459064
93487561023179
65043758761792
42512093896850
28128642350482
87943564107135
55491371482763

37811725167746
95483258905879
51946073821365
70891604673652
92032851457408
24324792108942
46591079386310
00953163942671

19633928379947
08461286058690
83047591623178
95603754791782
02512683489456
24124902356042
47803590167135
55081371042793

15033528395549
68401280678056
83649751023198
57063974951982
62712083485470
24124562370642
49863756109137
77681391642953

35611528195549
08463286078650
81049753621398
57601974953982
02732681485476
24324502176042
49801750369317
77083193042951

18933827368824
57491279507985
73546081923167
80953604681672
52012973478409
24124852309542
46753085196130
00571361542683

25033518375514
68402180698056
83647952013278
59063794752781
61921083485490
14214561390641
47863956207239
99682372641753

10733028390024
68471287658706
83649501723198
05763954901982
62512783480457
24124062357642
49863506179135
55681391642903

35011527195594
67403270687056
71649853021397
58061984953972
62832071475480
24324562180642
49761856309318
38673193642951

10622038270074
98461386958609
82947501632178
05692754701783
93513682480456
34134093256943
47892509167125
55981271943702

10722038290094
68471387658706
82649501732198
05762954901983
63513782480457
34134063257643
49862506179125
55681291643902

20411035190098
65842354675406
51689702431295
07461978902953
63723451850874
38238063174683
89561706249217
77652192683901

39511926179974
06453265086590
61047893521376
98501784793762
02832561469485
24324902185042
47601890357318
88063173042791

18533829378874
69451295609586
93647081523179
80563704781792
62012593498405
24124862305642
47963086157130
00691371642783

37611728197794
58463286508675
81549073621398
70651904973982
52032681487406
24324752106542
49851075369310
00583193542971

25711536195598
46872367406754
61489052731296
50741908952963
43023761865807
38238543107483
89641054279210
00462192483951

17822739257750
69081398649876
92605471832159
74862540571593
63413892097048
30130763248603
05962476185124
44691251603572

17022736257758
96801360946079
62985471032156
74092548571563
93413062867840
38138793240983
85692479105124
44961251983572

26944613486615
73582139703967
34758062914283
60974805862831
71021934536509
15215671409751
58374067298240
00732472351864

26711639186684
59472397509765
91548062731289
60751804862893
53023791496407
34234653107543
48951065278210
00592182543861

23500613086614
93482135973569
30948762510283
67590874862831
91721530436475
14214691075941
48390769258207
77932092341860

23500713087714
93482135963579
30948672510283
76590864872831
91621530437465
14214791065941
48390679258206
66932092341870

23500813078814
93472135963589
30947682510273
86590764782731
91621530438465
14214891065941
47390689257206
66932092341780
18933820348872
50791209560985
03574681923140
86953467481402
52612903708769
27127852369572
74053685194136
66501341572483

27933718357741
68492189608976
83645072913258
70963504572581
61021983487409
14214761309641
45863076295230
00682352641573

15933526385542
76491269706957
63748051923186
50973804851862
72012963465409
24124572309742
48673057198130
00761381742853

15022537285543
97401370967059
72948651032187
56092864851873
93613072475460
34134593260943
48792659108126
66971281943852

20611038170043
58462386598605
81547902631278
09651794702783
53923681480496
34234053196543
47851905267219
09582172543701

17933724387744
64591249604976
43658071923184
70963805871842
62012943547509
25125762309652
58463076198130
70641381652873

27033718397749
68402180658076
83649572013298
75063954972981
61521083487450
14214761350641
49863576209235
55682392641973

16533629376642
09451295089560
93047861523179
68503784761792
02812593496485
24124602385042
47903860157138
78091371042763

18933824358872
64791249604986
43675081923154
80963507581542
62012943748709
27127862309672
75463086195130
00641351672583

25011537195583
47802370467054
71489652031297
56041968952973
43623071875860
38238543160483
89741654209216
66472192483951

27033719357747
89402190869078
93845672013259
76083564572591
81621093497460
14214781360841
45983678205236
66892352841573

16033627396642
57401270587065
73549861023197
68053984961972
52812073476480
24124652380542
49753865109138
88571391542963

15033528395545
78401280768057
83749651023198
56073964951982
72612083485460
24124572360742
49873657109136
66781391742953

20711039180043
59472397569705
91548602731289
06751864802893
53623791490467
34234053167543
48951605278216
66592182543801

24900415064431
75362159785947
50736842910265
48970683642651
71821950354389
13213471089731
36570847296208
88752062731640

14655428504432
98301286978649
85930741625108
47695073041082
92712685384376
23123492576932
30895749160157
77981501932045

19433928309972
68741284658496
83670591423108
95463057091082
62512483789754
27127962354672
70863596140135
55681301672093

15933527305542
87401279867958
73840651923107
56983064051072
82612973475469
24124582369842
40783658190136
66871301842053

15933527365542
07491279087950
73046851923167
58903684651672
02812973475489
24124502389042
46703850196138
88071361042653

19033927389902
67401270657096
73648591023187
95063854891872
62512073479450
24124962350642
48763596108135
55671381642893

20611039180043
59462396579605
91548702631289
07651874802893
53723691490476
34234053176543
48951705268217
47592182543801

27611738197764
58462386508675
81549072631298
70651904972983
53023681487406
34234753106543
49851075269210
00582192543971

18022847298893
57301470567035
72539681042197
86052963981974
54614072378360
43143854260534
39752685109126
66571291534982

26733610356618
40872107490764
03485962713250
69743598562501
41921703806897
18218641397481
85043964275239
99402352481563

14733429384426
59681297509745
93568041723189
40753806841892
52012793694607
26126452307562
68953045178130
05591381562843

10644028450023
98351286978609
84935701624158
07694573501582
92712684380376
23123092476932
35894709165147
77981451932504

28944813458816
73652139703987
34765082914253
80974506582531
71021934638609
16216871409761
65374087295240
00732452761584

10733025360028
95871257945709
53986401723165
04793648601652
92412753850847
28128092347982
86593409176134
44951361982603

24933417364415
87592179807948
73856042913267
40983605642671
81021973574509
15215481309851
56783048296230
00872362851643

15933524365528
74891249704957
43786051923164
50973608651642
72012943845809
28128572309782
86473057196130
00741361782653

35722518295510
48073187468754
82409653712398
56742960953981
41631782085067
10310541267401
09842654379326
66483293401952

29611938179934
58462386508695
81547092631278
90651704792783
53023681489406
34234953106543
47851095267210
00582172543791

36722618296614
58473187508765
82549063712398
60752904963981
51031782486407
14314651207541
49852065379320
00583293541962

24077418754416
38652180398043
87365942017258
49037596542581
31921087684690
16216431790361
65837943205279
99382752361547

16488629856623
79351294709467
98735061428159
60478503561592
72012498396304
23123672804732
35978067145180
00791851732568

27933714367718
54892149504975
43586072913264
70953608672641
51021943847809
18218751309581
86453075296230
00542362581673

10633027350024
87461276897608
73845901623157
09683594501572
82912673470496
24124082396842
45783908165139
99871351842503

15933528365524
78491289708957
83746051923168
50973604651682
72012983485409
24124572309742
46873057196130
00781361742653

20833019370014
59482198569805
93547602813279
06853764702791
51621893490468
14214051368541
47953605287236
66592372541703

27533719387714
69452195609576
93648072513289
70563804872891
61021593497405
14214761305641
48963076258230
00692382641873

10933027350028
67851279647906
73685401923157
04963548501572
62412973870849
28128062349682
85763406195134
44671351682503

26411637106608
97842374957469
71980562431207
65491058062073
93523471876854
38238693154983
80791569240215
55972102983061

36411629176678
59843294509465
91587063421379
60451708763792
52032491896804
28328652104582
87951065347310
00593173582761

17599724937728
64831245604576
49683071529134
70569308371342
62012549847805
28128762905682
83469076153190
00641931682379

15088526875523
96371260946059
68937451028176
54098743751762
92412068365340
23123592840932
37698459107184
44961871932758

10833024390027
54791248564805
43579601823194
06853967901942
52612843740768
27127052368572
79453605189136
66541391572903

28677819748813
09342196059680
97034582617249
85607453482491
01521697398356
13213801756031
34907580264275
55092742031487

39822910279914
50483108560895
02547693812370
96852764793701
51631802409468
14314951268541
47052695387326
66503273541792

36022615286619
75903150745067
52798463012385
64072849863851
71431052956940
19319671240791
98572467308324
44753283791862

24933418364417
58792189508945
83576042913268
40953607642681
51021983784709
17217451309571
76853045296230
00582362571643

27933714367718
54892149504975
43586072913264
70953608672641
51021943847809
18218751309581
86453075296230
00542362581673

35922514275518
64893149604956
42687053912374
50962708753741
61031942845809
18318561209681
87462056397320
00643273681752

28033817398815
47502170467084
73459682013297
86043965982971
41621073578560
15215841360451
59743684209236
66472392451983

30822017290084
67483178657806
72649503812397
05862954903971
61531872470458
14314061258641
49762506389325
55673293641902

20633018390094
58462186578605
83549702613298
07653974902981
51721683480476
14214051376541
49853705269237
77582392541903

69511924109907
84756245834598
41870396521604
93581037096042
82362541749735
27627982135872
70481398650613
33846106872091

10733028360069
58971287548705
83596401723168
04753649601682
52412783980947
29129052347592
96853405176134
44581361592603

26833615306607
95782158945869
53970462813205
64893047062051
91421853756748
17217691348971
70593469280234
44952302971063

20833016350054
76482168796807
63745902813256
09873594502561
71921863460498
14214071398741
45673907285239
99762352741503

30611028170074
98463286958609
81947503621378
05691754703782
92532681480456
24324092156942
47891509367315
55983173942701

37611729187784
09463296059670
91048573621389
75601854873892
02532691497456
24324702156042
48901570368315
55093183042871


--- Final TOP 50 ---
35722518295594
68473187608756
82649053712398
50762904953981
61031782485407
14314561207641
49862056379320
00683293641952

35911520175574
60493209680956
01647853921370
58961784753702
62832901405489
24324562189642
47061856397318
88603173642751

25088531840556
91642310971059
18964752038241
57098476452413
93723018615670
36236593870965
64198759204287
77912842963458

23699318973374
58462186508635
89547032619278
30659704732781
51021689483406
14214351906541
47859035267290
00582972541739

26355619576670
89032193849368
95807462315279
64385740762791
81421395096043
10210681543801
07985468237254
44892572801765

58033891320874
71425910761087
13742685093521
86073264285219
79659013418460
94594879360749
42173687502536
66715325649283

58033891320874
71425910761087
13742685093521
86073264285219
79659013418460
94594879360749
42173687502536
66715325649283

58033891320874
71425910761087
13742685093521
86073264285219
79659013418460
94594879360749
42173687502536
66715325649283

58033891320874
71425910761087
13742685093521
86073264285219
79659013418460
94594879360749
42173687502536
66715325649283

58033891320874
71425910761087
13742685093521
86073264285219
79659013418460
94594879360749
42173687502536
66715325649283

67033791320754
51426910581075
13542876093621
78053284276219
59869013417480
94694759380549
42153875602638
88516326849273

67033791320754
51426910581075
13542876093621
78053284276219
59869013417480
94694759380549
42153875602638
88516326849273

67033791320754
51426910581075
13542876093621
78053284276219
59869013417480
94694759380549
42153875602638
88516326849273

67033791320754
51426910581075
13542876093621
78053284276219
59869013417480
94694759380549
42153875602638
88516326849273

67033791320754
51426910581075
13542876093621
78053284276219
59869013417480
94694759380549
42153875602638
88516326849273

58033891320874
71425910761087
13742685093521
86073264285219
79659013418460
94594879360749
42173687502536
66715325649283

58033891320874
71425910761087
13742685093521
86073264285219
79659013418460
94594879360749
42173687502536
66715325649283

32499286914207
06713864056420
69071523489316
25409157123168
08538469762754
87387208954078
71609520341395
55063913578129

29300914083956
54682143574395
40568792310284
97350876892841
51721340649673
16216951073561
68450795238207
77542082761890

58033891320874
71425910761087
13742685093521
86073264285219
79659013418460
94594899360749
42173687502536
66715325649283

87544762415703
02318625092570
24031978564812
79504193178126
06986524327395
63863706495036
31204970851849
99028418936174

10322068243079
78941683758307
82794501362148
05372459401486
76516302980953
69169076253796
94872507134125
55781241596402

67033791320754
51426910581075
13542876093621
78053284276219
59869013417480
94694759380749
42153875602638
88516326849273

67033791320754
51426910581075
13542876093621
88053284276219
79069013417480
94694759380549
42153875602638
88516326849273

18755802547839
32941027362783
25394681705142
86735469481420
30610725928907
09109830567390
94235683174156
66321541690485

25400583094571
73192834763457
30719052280293
56470961952938
78628430135164
81281578094718
19370657249206
66732092618950

67033791320754
51426910581075
13542876093621
78053684276219
79069013417480
94694759380549
42153875602638
88516326849273

58033891320871
71425910761087
13742685093521
86073264285219
79659013418460
94594899360749
42173687502536
66715365649283

59688941806932
31205416371693
18120795648501
97638072095014
34754618219276
42542934876324
20138793560587
77315803724098

67033791320754
51426910581075
13542876093621
78053284276219
59869013317480
94694759380549
42103875602638
88516326849273

39800947068952
57267478517895
70526193840367
91850612693674
54134870279218
42342934018524
26750195386301
11573063124690

51733106227194
96425067986719
63942815703526
18793284215260
90850763461487
04504190387940
42693819572538
88965325840313

59188963871940
43075631423194
38407275168573
92148720795736
46256138039021
20560946221406
07348294517582
22435875206798

29600948036957
58732486518695
80573192640238
91650318392384
54124680789716
47247954016574
73850195263201
11582031174390

46988632879605
02574329012960
28057164938472
61908715764723
03143928526519
35435603819053
57208160497481
11024874153768

29600948036957
58732486518695
80573192640238
91650317392384
54124680789716
47247954016574
73850195263201
11582032174390

16988657849623
27341579207962
78234061957816
60928403461475
25015978376309
93153628809235
34728062194180
00271841035468

56811604138629
24935048274862
41293765801534
67821379365340
20750861946978
09509620178290
93421762583517
77245135790361

63500328045371
78146285798537
80714936520648
39570491436482
72962580187135
21621372095712
14870937654609
99786046912430

03221349182367
69780492659236
91678530241089
35261857830894
64004291793759
47047364152674
78961536028015
55690180574831

58033891320874
71425910761087
13742685393521
86073264285219
79659013418460
94594879360749
42173687502538
66715325649283

41355161320878
90874603920319
05987214365470
12395728714706
96246305801323
68468196523986
87095219437452
22904574286715

63044395420387
85726950815038
54872936094625
31084217236259
89169054753710
97697389410879
72554138602641
11856426179234

28600834096857
54792346514685
40579382630294
81650917982943
53123640748716
37237853016573
79440185269201
11542092173980

26977685759634
35402759315963
57340162987205
61937014062058
38128957476419
84284638749348
40537163240271
11352702148067

59622904296913
14185046174691
42138795632584
97612873895840
10750642349012
03503910276130
38412791568527
77645285730892

67033791320754
51426910581075
13542876093621
78053284276219
59869083317480
94694759380549
42153875602638
88518326849273

83566394615372
74718945704537
46721038596814
30576102138149
79089546243205
92492379608902
21476037856513
00748618029136

71899164938102
04237648054810
49023517869734
15809352317346
06576849241258
64262106958026
26309510783795
58547937526319

53066327690381
87195270847038
76819435026597
34586941935972
80420576173140
21521382640812
19786438509564
44875695412936

32066295682278
15703950145021
56178423096385
24016847823859
19439056752740
97397219640179
78516421308368
44153683179826

42655631572459
01972316081240
15097842635671
48605789742713
03823615914986
39239403586034
97105840267273
88012572013745

18033829358865
49601290479084
93465781023159
87043576581592
42712093698670
26126842370462
65943784105137
77491351462583

36011627186648
57403270597065
71548963021387
69051894863872
52932071476490
24324652190542
48751965308319
99573183542861

26033618376647
58402180598065
83547962013278
69053794762781
51921083486490
14214651390541
47853965207239
99582372541763

36022619286648
59403190579065
92548763012389
67052874863891
51731092496470
14314651270541
48952765308327
77593283541862

17933726347752
86541269806978
63854071923146
70983405471462
82012963567509
25125782309852
54683078194130
00861341852473

20455019580031
79382194769407
95738602415289
06475863802891
71621495390364
13213071564731
38975607248256
66792582731805

25988513865571
03762139043950
38076452918263
54908647652631
01421938735749
17217501849071
76308450296284
44032862071658

25466519685501
39082194379453
96308752416289
57436870852891
31721496095074
10210531674301
08936753248267
77392682301856

16500627046692
37941275387563
70394861520147
68530489461472
32812570976985
29129632085392
94730863154108
88371041392460

24055419584431
79382190769047
95738642015289
46075863842891
71621095394360
13213471560731
38975647208256
66792582731845

14955423564402
83061239873948
35806741925163
47985670641632
82712935034079
20120482579802
06385748196157
77831561802645

34722418294410
58073187568745
82509643712398
46752960943981
51631782084067
10310451267501
09852645379326
66583293501942

14577429784423
69341295609536
97638041527189
40567803841892
62012597394305
23123462705632
38967046158170
00691781632847

17933724357738
64891249604976
43685071923154
70963508571542
62012943847809
28128762309682
85463076195130
00641351682573

25933514385516
74692149704957
43768052913284
50973806852841
71021943645609
16216571309761
68473057298230
00742382761853

25300517065514
97462173987359
70946852310267
58390684652671
91821370475483
14214591083941
46790859236208
88972062941650

27633719347715
09542196089670
93054872613249
78603485472491
01821693597586
15215701386051
54903870264238
88092342051473

28733819358814
69452197609786
93645082713259
80763504582591
61021793498407
14214861307641
45963086275230
00692352641583

10833029360025
79561298749807
93756401823169
04873645601692
72412893590548
25125072348752
56973407186134
44791361752603

15977523705526
83601239843958
37860451927103
54987046051032
82412937635649
26126582749862
60387458190174
44831701862057

27933715387714
05492159065970
53048672913285
76903864872851
01621953457469
14214701369041
48503670298236
66052382041873

79300915049916
25647153285392
50264897310745
98320486497451
21871350659683
16716921083261
64520892734708
88257047261490

43566317603312
97204175987539
76920834516407
38596082034071
91841576273285
12412391685921
20796839450468
88974604921036

79644918439912
58237186508695
84523097614738
90654302397381
51071684289206
12712951406521
23854095763740
00587437521394

18544823478826
93671235903589
34967081524173
80594706781732
92012534638605
26126892405962
67394089157140
00931471962784

16722639206638
49871397459764
92480561732109
65742058061093
43513792896857
38138643257483
80942564170125
55491201483062

10933028360024
58491289578905
83546701923168
07953674601682
52712983480479
24124052379542
46853705196137
77581361542603

23677315703314
85402156895638
57840932617205
39687094032051
81921657453496
14214381796841
40587938260279
99852702841037

24655417504413
97302176987649
75930842615207
48695083042071
91821675374386
13213491586931
30795849260258
88972502931045

24933415364410
75062159785947
53706842913265
48973680642651
71821953054089
10210471389701
06573847296238
88752362701643

10933027380026
57691279547905
73568401923187
04953846801872
52412973670649
26126052349562
68753405198134
44571381562803

56044619476612
39205190389063
94327865014579
68034782765791
31851094296280
12512631480321
27934863507548
88395475321764

17088725867723
95361250945079
58936471028165
74098643671652
92412058357340
23123792840932
36598479106184
44951861932678

17655729587723
49381296409674
95438071625189
70645803871892
42012695397306
23123742506432
38945074168150
00491581432875

15933524365527
84791249804958
43876051923164
50983607651642
82012943745709
27127582309872
76483058196130
00841361872653

27433716357710
86052164896478
63805972413256
79483590572561
81921463067094
10210781394801
05683978245239
99862352801573

14799423904428
53801237563745
39580641729103
46759068041032
52612739834867
28128452967582
80359645170196
66531901582049

14677429784423
59381296509645
97538041627189
40657803841892
52012697394306
23123452706532
38957045168170
00591781532847

28966813658817
43752139403984
36475082916253
80946507582531
41021936738709
17217841609471
75346084295260
00432652471586

20933016340015
86592169876908
63854702913246
07983475402461
81721963560579
15215081379851
54683708294237
77862342851403

10933024350026
84691249874908
43865701923154
07983576501542
82712943640679
26126082379862
65483708195137
77841351862503

10955078540072
68241789638906
85624301975148
03965432401487
67317985280239
72172067539627
24865306194153
33681541627405

24055417564419
37962170387043
75396842015267
48035689642671
31821075974980
19219431580391
96735843206258
88372562391645

15944526475523
86371269806958
64837051924176
50984703751762
82012964365309
23123582409832
37684058197140
00861471832754

27933710347715
80542109860978
03854672913240
76983465472401
81621903507569
15215781369851
54083678294236
66802342851473

26733615386614
05472157095760
53048962713285
69703894862851
01921753456497
14214601397041
48503960278239
99052382041863

14988423874420
53071239563945
38507641928173
46958760741732
52612938034069
20120452869502
07358645197186
66531871502748

25466510635519
80932104870458
06893752416230
57486379352301
81721406905974
19219581674891
93086758243267
77802632891356

16899624936620
54031248574865
49503761829134
67859370361342
52712849046078
20120652978502
03459765183197
77541931502369

19833926349925
06541268076890
63054791823146
97803475491462
02712863569578
25125902378052
54603790184137
77061341052493

14933425384426
05681259075940
53068741923185
47903876841852
02712953654679
26126402379062
68503740198137
77051381062843

14933426354427
86791269806948
63875041923156
40983507541562
82012963764709
27127482309872
75683048195130
00861351872543

