73825842182293
29452052358950
16946107967106
81071673426728
43283531103483
45629759409350
57193024857869
88018348164196

04923982192264
26832532439635
17687150670157
91501704827029
84294341154894
83726036856435
30164528930976
99519489178167

76310341231196
19401501603905
28948257987258
32572876418713
46136062256436
40819709459605
07296514370389
33523643284298

49621652362289
28512012916815
37857304874307
63043749527426
59269193309569
51728418018910
14389025614678
66036956375367

48521562352298
29612012815916
37967304974307
53043748627425
68258183308658
61729419019810
14398026514579
55035865376357

48621672362298
29712012816917
35975304954305
63043548725426
78268183308768
71529419019810
14398027614659
66036876357365

45621682362295
29812012516918
37987304974307
63043745827426
85265153305865
81729419019510
14395028614679
66036586378367

47621682362297
29812012716918
35985304954305
63043547825426
87267173307867
81529419019710
14397028614659
66036786358365

47521582352297
29812012715918
36986304964306
53043647826425
87257173307857
81629419019710
14397028514569
55035785368356

56421482342296
29812012614918
37987305975307
43053756827524
86246163306846
81729519019610
15396028415479
44034684378347

46512581351196
19821021625928
37987304974307
53043746817415
86156263306856
82719429029620
24396018524579
55035685378357

46521582352296
29812012615918
37987304974307
53043746827425
86256163306856
81729419019610
14396028514579
55035685378357

45712781371195
19821021527928
36986304964306
73043645816417
85175253305875
82619429029520
24395018724769
77037587368376

45612681361195
19821021526928
37987304974307
63043745817416
85165253305865
82719429029520
24395018624679
66036586378367

13118325525123
86584961706871
68752094138419
90179205394208
32083168576127
65431972309630
14929427368359
30758315642895

52488291802035
01342914751403
18736502498261
65478653602619
39529418317354
93293079859046
76178507460271
40712862713883

86513122211752
40250673456420
19786987093405
57932410218152
36053139687338
61826793945640
57182402451204
72395182793175

98513122211752
40250873458420
16798697063405
57632410219152
38053136897339
81928763645840
57192402451204
72365192763175

13118724424632
86489061756871
68742509138914
05170254309285
32583168476128
64931072357637
19020917290436
35748634681055

52688291802035
01362916751603
18734502698241
45678453402419
39529618317356
93293079859064
74178507640271
60712842713883

80944261438047
41738619251802
14273508964931
05924357308316
26586914710759
67867026459272
63124502898936
55218438201395

13118724424632
86489061756871
68742509138914
05170254309285
32583168476128
64931072357637
19020917290436
35748634681050

52788291802035
01372917451703
18436502798261
65748653602619
39529718314357
93293049859076
46148504760241
70412862413883

70644291437048
41837916251702
14283507694631
05624358307319
29579614810856
98798029456282
83124502767639
55217437201365

70844291437046
41637918251702
14263507894831
05824356307319
29579814610658
96796029458262
93124502787839
55217437201385

60844291436047
41736918251602
14273506894831
05824357306319
29569814710758
97697029458279
73124502686839
55216436201385

52844291402035
01382918751803
14736502894261
65874653602619
39529814317358
93293079459086
76174507860271
80712462713443

72855291502037
01382918471803
15436702895261
67845673602619
39729815314378
93293049579086
46145704860241
80412562413553

69400352016908
02816524372693
20381796450412
97430178196125
35765420829874
58658935074359
81230793646415
77326016382147

66833872316039
32916728542605
23591406873812
04853149106127
57467823920948
79679057348570
91253405686817
44526316502184

58066342615869
62915420372583
26391785046012
87036179185124
34754026928970
49549834670348
91236783505014
77325615392107

50833692315037
32715928642506
23671405893812
04863147105129
69459823720748
97597069348690
71263406585819
44625315672184

40833692314037
32714928652406
23671504893812
05863157104129
69549823720758
97497069358690
71263506484819
55624314672185

50833692315034
32415928672506
23641705893812
07863174105129
69759823420478
94594069378690
41263706585819
77625315642187

50833691325037
31725918641506
13672405893821
04863247205219
69459813710748
97597069348690
72163406585829
44615325671284

60833592316037
32716928542605
23571406893812
04853147106129
59469823720748
97697059348590
71253405686819
44526316572184

50833792315036
32615928742507
23761405893812
04873146105129
79459823620648
96596079348790
61273407585819
44725315762184

50433692315037
32715924682506
23671805493412
08463187105129
69859423720784
97597069384690
71263806545419
88625315672148

60844391426045
41526918371603
14352706894821
07834275206219
39769814510578
95695039478359
92134703686829
77316426301287

80566291638064
61438915271802
16243708596531
07526374308319
29789516410475
94894029675242
43126702858539
77218638201357

89044352418947
42718520362893
24371698054012
96034167198125
35685024729760
57857935460359
71234693808015
66328418372106

40833592314037
32714928562405
23571604893812
06853167104129
59649823720768
97497059368590
71253605484819
66524314572186

70833592317034
32417928562705
23541607893812
06853164107129
59679823420468
94794059368590
41253605787819
66527317542186

89044352418947
42718520362893
24371698054012
96034167198125
35685024729760
57857935460359
71234693801815
66328418372106

89044351428947
41728510361893
14372698054021
96034267298215
35685014719760
57857935460359
72134693808025
66318428371206

70833492317035
32517928462704
23451607893812
06843165107129
49679823520568
95795049368490
51243604787819
66427317452186

43788402813486
52613027592345
28561943708712
49758196143120
40930728624697
06306450897504
61258945371310
99523813562149

03788042813085
62513427692306
28651903748712
09768195103124
64934728520597
45345064897640
51268906371314
99623813652108

73899742913790
62013428652376
29601573849812
75869150173124
64534829027058
40340764958647
01269576381314
55623913602179

70844293417046
43617938253702
34261507894813
05824156107139
29579834630658
96796029458269
61324502787819
55237417203185

50844293415047
43715938263502
34271605894813
06824167105139
29659834730768
97597029468279
71324602585819
66235415203186

50844192435047
42735928162501
24173605894832
06814367305329
19659824720768
97597019468179
73214601585839
66125435102386

70844192437046
42637928152701
24163507894832
05814356307329
19579824620658
96796019458169
63214501787839
55127437102385

60844192436047
42736928152601
24173506894832
05814357306329
19569824720758
97697019458179
73214501686839
55126436102385

70844392417046
42617928352703
24361507894812
05834156107129
39579824620658
96796039458369
61234503787819
55327417302185

37088742813789
62913420652376
28691573048012
75068159173124
64534028927950
49349764850647
91268576301314
55623813692178

89044352418947
42718520362893
24371698054012
96034167198125
35685024729760
57857935460359
71234693801815
66328418372190

27033719367718
49802190459074
93486572013269
75043658672691
41521093897850
18218741350481
86943574206235
55492362481673

26833619376610
49082198459864
93407562813279
65843750762791
41521893096058
10210641358401
07943564287235
55492372401763

27466719687713
59382194509475
96538072416289
70456803872891
51021496397304
13213751604531
38956075248260
00592682531876

27066719687713
49382190459074
96438572016289
75046853872891
41521096397350
13213741650431
38946574208265
55492682431876

27066719687713
49382190459074
96438572016289
75046853872891
41521096397350
13213741650431
38946574208265
55492642431876

29033917369914
57402170587095
73546892013267
98053684692671
51821073479480
14214951380541
46753895206238
88572362541693

27033718367715
48502180498074
83456972013268
79043695672681
41921083587590
15215741390451
56843974206239
99482362451673

27033719387715
49502190469074
93458672013289
76043865872891
41621093597560
15215741360451
58943674208236
66492382451873

29533917369910
47052175487594
73406892513267
98543680692671
41821573079085
10210941385401
06743894256238
88472362401693

27466719687731
59382194509475
96538072416289
70456803872891
51021496397304
13213751604531
38956075248260
00592682531876

37088291820754
51423910561075
18542673098321
76058264273219
59639018417460
94394759860549
42158675302386
66513823649278

12618022273950
40731836980287
23975471607168
38654923841952
54720132089231
27126410530513
08953947614659
69478296282268

58110724952486
06603961756054
32742593180345
95179254893219
83508160476120
64381972150683
16829387289014
35740654332742

13114529929632
46948761506451
64592078134819
70157209378240
32043164956124
69831752305635
18727815287936
30594639641707

18119527727682
96790461536951
69572340189017
43154237840293
82398169756129
67081452835685
10424015204786
83579687691403

48766291627835
31524917301783
16352084796421
80736205284219
39049716518507
95495839607359
52136083472460
00314624059286

63044291420378
71826910751037
14782536094621
35074258236219
79569014813850
98698379450789
82174537602645
55716426589234

63077291720385
81526910841038
17852436097621
34087245236219
89469017513540
95695389740859
52187438602674
44816726659237

35044291420578
71823910761057
14782653094321
56074268253219
79639014815860
98398579460789
82174657302348
66713423689254

76833291328645
41527918401864
13452067893721
60843205267219
49079813516508
95795649308459
52143064782730
00417327059263

47966235614768
65814359205472
56281074936915
70926108174153
23043956857809
38438723609282
31526072494913
00254614275190

84077291720453
51328910561045
17532648097821
46057263248219
59689017314360
93893459760539
32157645802876
66518728639247

58077291720846
41625910431084
17462385097521
83047236285219
49359017618630
96596849730469
62147384502573
33415725369287

87633201326759
51928016541675
13592478603821
74653249278210
50480613917946
09809750346590
92153475862834
44518328490273

85933261329574
71428619701957
13742058963821
50973204258216
76086913415409
64864576309746
42173057892830
00718328046253

38599241925860
61023415671586
19602783549321
87569270283214
64734519018075
40340864975604
02169786352397
77613923704289

64588293816487
83716935203642
38271046598513
40528107146139
29069538734705
97697429805272
91328042656519
00236816243150

37544162415790
92013625982579
24901873564312
78594180173126
96836524027085
60360796485906
01294879351348
88923413806174

50466271624038
31825714391403
16382905476521
09436298205217
37957416810894
78578037694387
82136903542569
99315625987206

78633291326840
41027916451684
13402587693721
85643250287219
49579613018056
90790849356409
02143584762735
55417327509283

37055291520784
81423910861078
15842673095321
76085264273219
89639015417460
94394789560849
42185678302356
66813523649275

34866271628490
91023718951849
16902543876321
45896250243217
97537816014058
70370497658907
02196549382365
55913623507246

37044251420796
91623510981079
14962873054321
78094286273215
95835014617680
56356795480965
62194879302346
88913423965274

27833719367714
09422198059870
93046572813269
75803654672691
01521893497458
14214701358041
46903570286235
55092362041673

03788042813085
62513427692306
28651903748712
09768195103124
64934728520597
45345064897640
51268906371314
99623813642108

24866409671401
59182098539845
96517342806279
43856731742790
50320896194138
01201450638510
17956345287260
43592672510746

25033547361541
97102470987059
73916852043267
58093681652674
94824073175180
41241594380914
16793859206234
58972362914653

62833719357714
01982198069870
93045672813259
76803564572591
01621893497468
14214701368041
45903670285231
66092352041573

24099417984416
37122170357043
79368542019287
45039856842871
31521079674650
16216431950361
68739543208295
55372982361849

25033547361541
97102470987059
73916852043267
58093681652674
94824073175180
41241594380914
16793859206236
58972362914653

20911063175065
83592639843908
31857402961273
04981745702136
86426931530549
65265086149856
57381408297216
04832172856701

19544936482932
06211365076590
64028791534186
97504872891863
03713564269275
32132903475023
28604790158147
77061481023894

92644013470018
51302136593605
34587902614273
09654798702731
51921634830896
18218051496582
87354905267241
99532472581704

13466327683325
07211274097430
16758931426187
39406895831872
02912476573594
25125302694052
58706930148169
99071681052836

28633815798810
75122156745687
23509482613295
84673940982951
71421653058046
10210871346701
09573487269234
68752392701983

61355128576226
42801283968309
05947601325178
16395764701782
92612385480463
24124092563945
47895609137152
66981571942702

21663527384725
92701276947609
03958401623187
14693845801872
92412673570546
25125092346953
58793409168132
44971381952802

18055826578324
36211260396083
15647981025176
89035794781762
32912065468420
24124832590342
47635983107159
29361571342785

17066728637225
84211240894078
16453971026134
79086395371342
82912046547590
25125782690852
53486978103169
19841631852376

21663527184725
92701276947609
03958401623187
14693845801872
92412673570546
25125092346953
58793409168132
44971381952802

54099423764228
73211230753047
19386541029163
45079658641632
72512039834851
28128472950782
86379547106195
04731961782649

13855324593326
40211208470834
15069731825190
37845976931902
42712805603678
26126342578465
69045734189152
37401591462935

02433025360827
85211254895408
13576901423165
09483697601659
82912453750724
67127082394872
76583908146139
29851361872603

78344825168227
50211203590385
14076981324160
89354697681602
52912304708793
27127852493572
76054985136149
19501461572684

80733024967225
94211247984709
13456801723164
08793685601642
92812743540581
25125092387952
56493809176138
70941361952603

35877524165223
40211208490854
17036951827160
59847693651602
42912807305398
23123542798432
36047954186175
89401761432657

02644025471028
95211256985609
14537801624175
08694783701752
92812654350326
93123092486932
37594809167148
28951471932704

13028327553324
76211260796037
18645931028156
39078594531562
72912068463490
24124372890748
45678937105182
38761851742536

45026528341526
87211270837058
19764351029147
53089436451472
82312079675630
26126582930869
64789358104192
59871941862457

95726526995524
63211230673056
18349751028193
57068974951932
62712038435470
24124562870648
49368756109182
58631891642953

30566029145223
97211275987509
16734801526147
08596483401472
92812576370385
23123092685935
34796809154162
08971641932406

30566029145223
97211275987509
16734801526147
08596483401472
92812576370382
23123092685935
34796809154162
10971641932406

36728628331624
85211250875068
19543761029135
67089374361352
82712059456470
24124682970849
43589768103192
69851931842365

14825425991426
53211238503845
17369041827193
40857906941932
52012837634608
26126452708567
69357045189172
47531791562743

95726523951720
34211247384753
16409851726194
58736980951942
32812746045087
20120532687306
09436853179162
56341691302954

80625027831624
73211236793607
15348901625183
09675894801832
72912635430496
24124072596745
48375907168152
05731581742809

15729529881526
90215207960759
13048651723180
56793864851802
92612703405467
24124592367943
48093659178132
53901381942357

15329529881527
94215243974359
16408751326184
57396870851842
92712346045073
20120592673906
08496759138162
56941681902653

47329729441728
95211253985379
16504871326145
78396480471452
92812356057083
20120792683906
04596879134162
76951641902673

48728823481725
30211207390783
16054981726140
89736495481402
32912706508597
25125832697356
54036983174162
89301641352487

68720820891825
04211247064780
13459681723194
86703965981942
02612743548567
25125802367053
59403680179132
83041391052987

15729429331528
94215247984759
16403851726134
58796380351342
92812746045087
20120592687906
03496859173162
56941631902657

71688142831785
02531426092170
28053971648632
79608395371324
04914628527596
45145704896047
53208970163134
99021831024378

61077143721678
53821430593165
37582961047023
69057298261234
54914037836890
48148654790546
82357965102124
99531721534267

