62968906196030
53086782289348
14304175345174
91751452064569
02692821172092
08463583971287
89132760580943
97719201842594

79674637167329
82347047946214
15235108258105
61081589375876
39769491109369
34572842602910
46129073843652
60016931451865

76973927197256
85237037639532
14524108548104
91081486274879
26796361106296
23475835905210
39156072832945
90019621341894

47842804184097
39024524728920
16906153963156
81531637016348
07487271457087
02649329859725
28197540320869
85518701261386

83781768278643
54618018317410
29469205495205
72052953689587
63873138203673
61984314504310
15245026716794
77027367192597

19315381231869
46851051953650
27687204674207
32042749817413
89139592209839
85716456206950
54269018313376
93023983174437

70475487147860
26857957054658
13683192632193
41921320873274
80740501190840
85376256496019
54160978258436
49914081531243

30638673163740
24783983086487
15475192452195
61921520735236
70360801190760
78534284694719
86140937289654
69916071858865

74276297127984
38967061462869
15895103853105
21031534975372
94724641104924
96578368208460
62184079369258
20012491651325

79674637167329
52347047946243
18238105285108
61051859378576
39769491109369
34872542602910
46129073543632
60016931481588

79574537157329
82347047945243
16236108268106
51081689376875
39759491109359
34672842502810
45129073843562
50015931461856

40748764174630
23684984087386
15365192352192
71921520645247
60470801190670
68543283795910
87130946286753
79917061851275

69861856386529
42516016918215
37257304274304
83043749567468
59689191309889
51762412402910
18329065815872
80038953173487

79674637167329
82347041946243
15235108258105
61081589375876
39769491109369
34572842602940
46129073843652
60016931451865

53256295125983
48965061362869
17897104874107
21041743957452
93523631103923
96758468208360
62183059469278
20012391671427

59852835185369
76325421928623
10630147607140
81471079350758
39589291149389
32056726846924
28169453723806
84418931201780

37931963293687
58613013719810
24864205845205
92052457634539
67397173207697
61438718508710
15285026916948
99029769142549

89582508158069
76028421925620
13603147637143
51471379083785
09859291149059
02386726546924
25169480720536
54415901231753

89682638168349
74328021926423
15435107457105
61071579385786
39869291109369
32584724604920
26149083723654
60016931251765

87682658168537
93528021726320
14354109349104
61091497584986
57867271107567
52483923603720
26137085925643
60016751241964

63961976296783
58716016319810
24874205845205
92052453764569
73693136203793
71468318508310
15283027917948
99029379142549

73825842182293
29452052358950
16946107967106
81071673426728
43283531103483
45629759409350
57193024857869
88018348164196

04923982192264
26832532439635
17687150670157
91501704827029
84294341154894
83726036856435
30164528930976
99519489178167

76310341231196
19401501603905
28948257987258
32572876418713
46136062256436
40819709459605
07296514370389
33523643284298

49621652362289
28512012916815
37857304874307
63043749527426
59269193309569
51728418018910
14389025614678
66036956375367

48521562352298
29612012815916
37967304974307
53043748627425
68258183308658
61729419019810
14398026514579
55035865376357

48621672362298
29712012816917
35975304954305
63043548725426
78268183308768
71529419019810
14398027614659
66036876357365

45621682362295
29812012516918
37987304974307
63043745827426
85265153305865
81729419019510
14395028614679
66036586378367

47621682362297
29812012716918
35985304954305
63043547825426
87267173307867
81529419019710
14397028614659
66036786358365

47521582352297
29812012715918
36986304964306
53043647826425
87257173307857
81629419019710
14397028514569
55035785368356

56421482342296
29812012614918
37987305975307
43053756827524
86246163306846
81729519019610
15396028415479
44034684378347

46512581351196
19821021625928
37987304974307
53043746817415
86156263306856
82719429029620
24396018524579
55035685378357

46521582352296
29812012615918
37987304974307
53043746827425
86256163306856
81729419019610
14396028514579
55035685378357

45712781371195
19821021527928
36986304964306
73043645816417
85175253305875
82619429029520
24395018724769
77037587368376

45612681361195
19821021526928
37987304974307
63043745817416
85165253305865
82719429029520
24395018624679
66036586378367

09412481541163
16821721924627
53683570630573
45705309813014
89149295579849
82316026726927
20569718420436
44754984538543

13118325525123
86584961706871
68752094138419
90179205394208
32083168576127
65431972309630
14929427368359
30758315642895

52488291802035
01342914751403
18736502498261
65478653602619
39529418317354
93293079859046
76178507460271
40712862713883

86513122211752
40250673456420
19786987093405
57932410218152
36053139687338
61826793945640
57182402451204
72395182793175

98513122211752
40250873458420
16798697063405
57632410219152
38053136897339
81928763645840
57192402451204
72365192763175

13118724424632
86489061756871
68742509138914
05170254309285
32583168476128
64931072357637
19020917290436
35748634681055

52688291802035
01362916751603
18734502698241
45678453402419
39529618317356
93293079859064
74178507640271
60712842713883

80944261438047
41738619251802
14273508964931
05924357308316
26586914710759
67867026459272
63124502898936
55218438201395

13118724424632
86489061756871
68742509138914
05170254309285
32583168476128
64931072357637
19020917290436
35748634681050

52788291802035
01372917451703
18436502798261
65748653602619
39529718314357
93293049859076
46148504760241
70412862413883

70644291437048
41837916251702
14283507694631
05624358307319
29579614810856
98798029456282
83124502767639
55217437201365

70844291437046
41637918251702
14263507894831
05824356307319
29579814610658
96796029458262
93124502787839
55217437201385

60844291436047
41736918251602
14273506894831
05824357306319
29569814710758
97697029458279
73124502686839
55216436201385

52844291402035
01382918751803
14736502894261
65874653602619
39529814317358
93293079459086
76174507860271
80712462713443

72855291502037
01382918471803
15436702895261
67845673602619
39729815314378
93293049579086
46145704860241
80412562413553

69400352016908
02816524372693
20381796450412
97430178196125
35765420829874
58658935074359
81230793646415
77326016382147

66833872316039
32916728542605
23591406873812
04853149106127
57467823920948
79679057348570
91253405686817
44526316502184

58066342615869
62915420372583
26391785046012
87036179185124
34754026928970
49549834670348
91236783505014
77325615392107

50833692315037
32715928642506
23671405893812
04863147105129
69459823720748
97597069348690
71263406585819
44625315672184

40833692314037
32714928652406
23671504893812
05863157104129
69549823720758
97497069358690
71263506484819
55624314672185

50833692315034
32415928672506
23641705893812
07863174105129
69759823420478
94594069378690
41263706585819
77625315642187

50833691325037
31725918641506
13672405893821
04863247205219
69459813710748
97597069348690
72163406585829
44615325671284

60833592316037
32716928542605
23571406893812
04853147106129
59469823720748
97697059348590
71253405686819
44526316572184

50833792315036
32615928742507
23761405893812
04873146105129
79459823620648
96596079348790
61273407585819
44725315762184

50433692315037
32715924682506
23671805493412
08463187105129
69859423720784
97597069384690
71263806545419
88625315672148

60844391426045
41526918371603
14352706894821
07834275206219
39769814510578
95695039478359
92134703686829
77316426301287

80566291638064
61438915271802
16243708596531
07526374308319
29789516410475
94894029675242
43126702858539
77218638201357

89044352418947
42718520362893
24371698054012
96034167198125
35685024729760
57857935460359
71234693808015
66328418372106

40833592314037
32714928562405
23571604893812
06853167104129
59649823720768
97497059368590
71253605484819
66524314572186

70833592317034
32417928562705
23541607893812
06853164107129
59679823420468
94794059368590
41253605787819
66527317542186

89044352418947
42718520362893
24371698054012
96034167198125
35685024729760
57857935460359
71234693801815
66328418372106

89044351428947
41728510361893
14372698054021
96034267298215
35685014719760
57857935460359
72134693808025
66318428371206

70833492317035
32517928462704
23451607893812
06843165107129
49679823520568
95795049368490
51243604787819
66427317452186

43788402813486
52613027592345
28561943708712
49758196143120
40930728624697
06306450897504
61258945371310
99523813562149

03788042813085
62513427692306
28651903748712
09768195103124
64934728520597
45345064897640
51268906371314
99623813652108

73899742913790
62013428652376
29601573849812
75869150173124
64534829027058
40340764958647
01269576381314
55623913602179

70844293417046
43617938253702
34261507894813
05824156107139
29579834630658
96796029458269
61324502787819
55237417203185

50844293415047
43715938263502
34271605894813
06824167105139
29659834730768
97597029468279
71324602585819
66235415203186

50844192435047
42735928162501
24173605894832
06814367305329
19659824720768
97597019468179
73214601585839
66125435102386

70844192437046
42637928152701
24163507894832
05814356307329
19579824620658
96796019458169
63214501787839
55127437102385

60844192436047
42736928152601
24173506894832
05814357306329
19569824720758
97697019458179
73214501686839
55126436102385

70844392417046
42617928352703
24361507894812
05834156107129
39579824620658
96796039458369
61234503787819
55327417302185

37088742813789
62913420652376
28691573048012
75068159173124
64534028927950
49349764850647
91268576301314
55623813692178

89044352418947
42718520362893
24371698054012
96034167198125
35685024729760
57857935460359
71234693801815
66328418372190

31055398523056
48621980478034
85462731095128
37045276231289
49719085683670
96196349570497
62845734102153
77481521469235

14077425764078
35861250395043
57386941027165
49037698641652
32912057854890
28128432790329
86537943106174
19351761382647

31055398523056
48621980478034
85462731095128
37045276231289
49719085683690
96196349570497
62845734102153
77481521469235

27033719367718
49802190459074
93486572013269
75043658672691
41521093897850
18218741350481
86943574206235
55492362481673

26833619376610
49082198459864
93407562813279
65843750762791
41521893096058
10210641358401
07943564287235
55492372401763

27466719687713
59382194509475
96538072416289
70456803872891
51021496397304
13213751604531
38956075248260
00592682531876

27066719687713
49382190459074
96438572016289
75046853872891
41521096397350
13213741650431
38946574208265
55492682431876

27066719687713
49382190459074
96438572016289
75046853872891
41521096397350
13213741650431
38946574208265
55492642431876

47066791620735
31524910381073
16352874096421
78036285274219
39849016517580
95495739680359
52136873402468
88314624859276

29033917369914
57402170587095
73546892013267
98053684692671
51821073479480
14214951380541
46753895206238
88572362541693

27033718367715
48502180498074
83456972013268
79043695672681
41921083587590
15215741390451
56843974206239
99482362451673

27033719387715
49502190469074
93458672013289
76043865872891
41621093597560
15215741360451
58943674208236
66492382451873

29533917369910
47052175487594
73406892513267
98543680692671
41821573079085
10210941385401
06743894256238
88472362401693

27466719687731
59382194509475
96538072416289
70456803872891
51021496397304
13213751604531
38956075248260
00592682531876

26531865139809
00892654096140
51049782461264
87271379382307
02756451978579
39529806104156
93101376243243
74012132795331

40822879316816
13063765969251
81651483270375
29542041283094
96477562148649
01331897095268
70298147357327
45940565863415

84322305615315
16456058757281
81581936704608
27892491236479
75900852193597
41661370478251
04273190680620
98794858356918

45722739810710
18508306909261
71061478235836
29642541278594
90433602147049
51881793596207
35297143863823
46945606708416

80433465912412
19029627525371
41271849360967
35783081349058
52866723184285
01991456057324
60354186976936
87580727429817

04633692412612
17427928528351
61251067894795
38503401367480
82099523106208
41771689485326
94386109759739
05804525627015

58644602812612
13823029729471
61271563908307
49754851463895
92500724156259
81331690897426
08496150370340
57958727623517

50966972012912
13023724824681
91281593470378
64856051693045
42577826159254
01331947048629
70649157387367
58450828923518

46877892612812
13623920520751
81251483096395
70547641783604
02499527148240
61331809605728
96708149359379
45046525823415

90877842012812
13023425625761
81261983540346
75697091783059
52944627198295
01331854056728
40758194364374
96590626823916

04988962412912
17427623523851
91251097364765
83508401897430
32066528109203
41771936435829
64839106756786
05304525927015

06899852612812
17627524324931
81231087456753
94309601987640
42055329108204
61771845643928
56948105735795
03406323827013

40988952012912
13023526726871
91271493650357
86748041893064
62455728149246
01331965067829
50869145375380
47640727923417

04175193105866
03253648054784
16896829362301
61702892713218
45940719084589
70235146549754
67193428091376
91779680368829

04187192107633
02572346074864
13693659235201
31805695812516
47940819064769
80527143749874
38192456091283
91889360236659

87164193184355
80240579847637
15395326052081
51682392610213
74978619837439
68204175479147
56130723895065
91669538053329

46135182145299
40750968456326
19289273097041
91347287310712
65864318426528
34705169568356
93120672489139
81338924092278

43109162149279
45895736493023
17267280578541
71048268015812
39634016423926
54859137936093
57125382467107
61006724572256

24399451903478
71802513761347
19780642359201
46379068042015
75625319814863
58258475963785
80179647230296
66712902685049

28077861750894
91452610931089
17945382067251
83097534582516
96326017418430
64264896730946
45197389205273
22912752346587

64300491023457
51726913581345
10572846390621
48350287246219
59869310714783
97697459083579
72150845632608
88516026879240

37088291820754
51423910561075
18542673098321
76058264273219
59639018417460
94394759860549
42158675302386
66513823649278

24199254851706
42361218205175
87054791026349
18690639478634
34912388751045
74127512597105
95083796846398
20590063402534

12618022273950
40731836980287
23975471607168
38654923841952
54720132089231
27126410530513
08953947614659
69478296282268

58110724952486
06603961756054
32742593180345
95179254893219
83508160476120
64381972150683
16829387289014
35740654332742

13114529929632
46948761506451
64592078134819
70157209378240
32043164956124
69831752305635
18727815287936
30594639641707

18119527727682
96790461536951
69572340189017
43154237840293
82398169756129
67081452835685
10424015204786
83579687691403

44250400788104
96258421782068
10617316056063
17230730315772
40856952149212
49184184290823
21072004603260
73912057314416

24312902275690
60751853680287
15679471307132
18394625841694
98720152386250
97123410010915
52695647984291
86488273342337

45688432153219
82364526912659
28930154678402
21698013754027
77147628329316
63476597817501
32905849045897
75238133628639

41682407120313
82364526712653
28730154698402
91678013954029
09149628327316
63496579819571
32705730564809
95284185228234

20312942251527
30651853782276
15769461306133
98394220841795
91620155687359
26123417010015
02794746984291
60489253812861

10820521249030
80213258164327
94374067098162
13651471902160
89805105324940
70804619353750
12187650887125
96510381206121

19289521527034
80213258144325
54374067098610
13651974982164
79805181226945
50480199653752
02187650387128
99526301220619

24312902265790
70651853780286
15769461306132
18394725841794
98620152387250
96123410010915
52795746984291
87488263342336

23712982246598
58461067508204
16549341784172
10793526031593
90428162705268
94217318818916
62596534903291
05300247702774

40994237153258
62764529812981
26873154906432
51985317054320
04160926728718
57409583019051
52835648346305
36076177968242

68465762595192
67702519847039
24913490388748
45136807516214
08572612962193
26827542830869
94632433705570
91309619924114

60103409514728
08546381751409
32472627462361
50935109329876
79180513517954
66478045871368
20512069286486
27093294490122

74198152648295
47932847983406
61327604517063
20174180351281
80958297262145
78592354760960
62314630159386
56048791083718

30677051786049
41983516421604
17498203657381
02647829803815
45235617910926
59359045726495
98147204368372
22413783295807

62944271489250
51086719531925
14508326974681
23954830826817
57367914012039
70670257439507
08154325698643
33516486307824

13744356403359
26901567286732
64290831754106
38724089031065
25815764963987
59159325487295
90624832170148
88261401295034

26088631870659
51972310541065
18597462038271
64057749762717
53423018916940
39239653840593
97158465207284
44512872493768

90344061423045
71529613781307
14752809364921
08374285209216
76896314510583
65965076483756
52174807932948
88719429856204

78033821340865
61547210691086
13654987023741
89063495487412
62972013518590
25725862390652
54163986704739
99617347952483

67033791320785
81526910841078
13852476093621
74083245276219
89469013517540
95695789340859
52183478602634
44816326459273

48766291627835
31524917301783
16352084796421
80736205284219
39049716518507
95495839607359
52136083472460
00314624059286

63044291420378
71826910751037
14782536094621
35074258236219
79569014813850
98698379450789
82174537602645
55716426589234

63077291720385
81526910841038
17852436097621
34087245236219
89469017513540
95695389740859
52187438602674
44816726659237

35044291420578
71823910761057
14782653094321
56074268253219
79639014815860
98398579460789
82174657302348
66713423689254

76833291328645
41527918401864
13452067893721
60843205267219
49079813516508
95795649308459
52143064782730
00417327059263

47966235614768
65814359205472
56281074936915
70926108174153
23043956857809
38438723609282
31526072494913
00254614275190

84077291720453
51328910561045
17532648097821
46057263248219
59689017314360
93893459760539
32157645802876
66518728639247

58077291720846
41625910431084
17462385097521
83047236285219
49359017618630
96596849730469
62147384502573
33415725369287

87633201326759
51928016541675
13592478603821
74653249278210
50480613917946
09809750346590
92153475862834
44518328490273

85933261329574
71428619701957
13742058963821
50973204258216
76086913415409
64864576309746
42173057892830
00718328046253

38599241925860
61023415671586
19602783549321
87569270283214
64734519018075
40340864975604
02169786352397
77613923704289

64588293816487
83716935203642
38271046598513
40528107146139
29069538734705
97697429805272
91328042656519
00236816243150

37544162415790
92013625982579
24901873564312
78594180173126
96836524027085
60360796485906
01294879351348
88923413806174

50466271624038
31825714391403
16382905476521
09436298205217
37957416810894
78578037694387
82136903542569
99315625987206

78633291326840
41027916451684
13402587693721
85643250287219
49579613018056
90790849356409
02143584762735
55417327509283

37055291520784
81423910861078
15842673095321
76085264273219
89639015417460
94394789560849
42185678302356
66813523649275

34866271628490
91023718951849
16902543876321
45896250243217
97537816014058
70370497658907
02196549382365
55913623507246

37044251420796
91623510981079
14962873054321
78094286273215
95835014617680
56356795480965
62194879302346
88913423965274

17455681682184
24316607965715
10837310420930
51254821581268
39461467952783
73903540736190
18152911841659
58537866982285

19453231236134
64712589025917
18375718468008
51659361531623
70421429056937
97087548972178
13156011341285
53529322036633

14031261267160
70812354923418
15686815075995
31734671361726
89021024937468
48958305482185
16537911601253
36324622967766

18073531534189
40615728957816
12367612042992
71478341731453
69051058974836
86926702865162
13274911301527
73748355934433

19852721726190
68417539075914
13245413863003
51659261521672
40871879056924
94034583947143
12356011281739
52569277026622

12097571576123
60815942359218
14789814064334
91692761971657
83051052396278
28348904285184
17496311701542
97962755376677

12097381386125
60513942739215
14859514064774
91692861981638
57031032796285
25745904253154
18496711801342
98962833786688

15003231239158
90412765827514
16346416096886
71975391731923
48021025879534
54864706542148
13679811301287
73795322839933

12068481485129
50314672946243
17837317057991
71562851681548
39041042965283
23973607234139
18765911801476
68652844985588

14099631634147
20716584965417
18375718028998
51204321531263
79061064952437
47987508476172
13852911301684
53524366932234

16088271276164
90412536825614
13745413093883
51956791571927
48021026859674
64834503642140
17359811701236
57096722879977

54990801805147
59218634786412
13023213953773
61564051601580
27981984765402
42732693428126
10315711091876
60654088705507

16033571576148
90415286352614
18742418098338
21926791271957
43051056329674
64384208645140
17829311701586
27096755379977

54057241277146
50312984629413
18738318058668
91594751971527
36021024695473
43683908432139
17895611701269
97954722675576

45003831834152
40918675286519
17397917047227
61465341631483
92081085264539
59279607598196
13714211301826
63645388234432

12066591592147
80415372653274
17943417087661
31832981391859
46051052638294
24674307245140
19738611901572
39082955698899

24027341377145
20913684536419
18798918028558
81264721671237
95031034562479
49589608493196
17862511701356
63624733572275

48005251254188
40712968329817
16576716046336
91498541951425
73021028394857
87367906872179
15614311501239
25948522354453

60338521526109
63715840958047
14274714364991
81680261821652
79351350986027
07947834075178
12416911231598
82860255926629

49003231233195
40612789527916
18368618048558
71479341731423
65021029574936
96586708962167
13814511301257
73749322534495

02884791799126
08617432574236
13963613803551
41042901491079
65871872540296
26536483267164
19310511981754
49402977590095

68005471478162
80314596245693
19739319089221
51856781571847
32041046258673
63293509634135
17918211701425
57586744278872

68003251256187
60412378923874
17547417067991
31638561351625
49021028936854
84974307842143
15716911501293
35368522956659

43006581583145
30215674956472
17827217037991
61364831681358
29051054963482
42972607425126
18713911801596
68634855983389

57056281288174
50412697326799
19849419059331
61567851681528
43021027365784
74394609742146
18915311801236
68677822385583

94006251254192
40312689726983
18538318048771
61469541651425
37021029764953
93783608932136
15814711501276
45649522754457

29028471477196
20614859348955
15765615025331
81289721871247
63041049382976
96356805964168
17512311701438
17899744372273

84005271277189
40312598625813
19739319049669
51458741571427
36021028654873
83693509832135
17914611701265
57548722674476

05004281288152
70612435924586
13863713073991
41745871481728
69021025947586
56936403562164
18317911801293
78455822983739

67068451457166
60914837248703
13593513063220
81687561851645
92041047286759
79239803794198
15316211501428
15877544256652

48337251255192
93412769027914
16546816386006
71879581751825
40321329078954
94064736942147
15618011531203
85799522058850

94005631633198
80216589765982
18328418048771
51459341531463
27061069754932
92782508926125
13814711301670
13599366738837

63199271277162
30812546529678
04784314034551
91396731971327
85021026593678
68548904682189
17413511701250
37966722574305

44037231233182
80912768527819
16396416046556
71478341731423
95021028574839
89569706892197
13614511301250
43788322530435

36240581588135
62715093450357
19879619269441
01603861081658
74251253406387
37497029375170
18916491821542
08133845482681

48367921922149
83019754697490
15205815385661
71874281721892
06391394678420
40650735409107
12518651231963
72144269623821

35122471477134
56014983942314
68708518658291
21523751271597
09641643925374
30980268304102
17815911761496
57233744978569

79428651655176
94016837268761
13503913493221
81987591851965
02461467289750
70230843706108
15319231541624
85177526254951

33067251255182
80412798627814
19549319039669
71378531751325
46021028673854
84694709842147
15913651501260
35788512650351

35122471477134
56014983942364
68708518658291
21523751271597
09641643925374
30980268304102
17815911761496
57233744978569

68520971977169
85419046290691
13743813583221
01806781071897
42591596208674
64234053649140
17318231751925
07166719275871

84960231233182
79512058620821
17357417947661
01408341031423
56921928604835
85675097852150
13714671391269
03188362639431

95446281288192
50312639426921
17837517057441
61569851681528
34021029465983
93473607932136
18715471801240
68199812480581

39127521522135
98015643657315
84204914894768
71973291721962
06851853679325
30640784305107
12419611281568
92733255624981

48520691699146
75316034260463
17937817587221
01804981091869
32561564208493
43273057436130
19718271951625
89144916295791

63447291299162
30512756427625
18958318038441
71376931791329
54021026473695
65485708652157
19813481901240
79366912490391

27833719367714
09422198059870
93046572813269
75803654672691
01521893497458
14214701358041
46903570286235
55092362041673

10544367290263
87351675827508
74839201564197
02584923901976
86216574370325
63163086425836
39784208159142
22871491836904

26911438152614
18422389078961
81045762931250
67901574562583
03723981486478
34234603179019
45801760295219
01682152843165

02411058132917
28732584986409
81973602451238
06491367302183
95625481780765
57257095164954
73891609243214
61982132970321

03788042813085
62513427692306
28651903748712
09768195103124
64934728520597
45345064897640
51268906371314
99623813642108
74372387137804
60827927423028
15085196056195
31961564875673
84734241194834
82570620390419
23104978628380
39913481251655

23411609152316
19622094879431
91865732401258
37481576532590
80720491693679
06206380174814
65981738245214
81392152960135

27411538162715
18522384908471
81956072431269
70491605672683
93023481587508
35235793104914
56891079246214
91782162853176

20611438152014
18422386978601
81945702631259
07691574502583
93723681480478
34234093176916
45891709265216
91082152843105

