12994670598490
83460101908313
69637706052530
50338422836176
54780232406818
57435209187623
14188564195794
82692640704617

29897714733615
29172744802599
01060979477580
46856636801491
00349268259233
01675421367152
92168780076917
95295938404359

64947739411032
64076799756160
24205949735285
73720810849793
72117228604611
53085323161320
96268485038934
62692218735129

83639954977150
83198944628731
25212434952062
91901671634945
92779006813877
25162305787501
48086362156453
40840076952704

15462811578336
42749165529730
18301919625670
36813940319730
15446220731728
98756717923801
36058566432659
42943122650866

97613259622991
63578917658200
92409898137150
41296860497546
97661930549532
82574595834209
41072711643178
63868633470210

97813569845991
83672927652600
95409292137160
41598280497678
97881930649634
25674696234509
41075711883172
83282933170510

23619042640221
69437213405577
20872525193487
81026567823604
23861297482450
80438424598672
51730311689135
69565299137017

16278051240117
28365176305399
10491515786739
47012529416362
15227189341384
50364313584091
47960677228765
28525188769079

86637158041883
07065096915922
81428585376092
43180502486960
85003772948974
51964989574128
43261633007365
07525877362132

81197528465889
47312891352300
85608282971430
69584240681314
82449770368376
25306383276508
69015199447912
47202877910590

51184765097552
04916581376322
57929656841082
98750802951330
66008442395379
67319353649005
98217188004836
04625556812782

12264791357116
34829102879800
17501959642380
56703930532823
19336440851845
97825818945701
56027266334629
34909144620760

56633095410553
42769536709788
50185959326478
13054948156764
59443028715721
90761757921085
13860633442369
42989522868038

69975026810667
85392679302344
60146262759834
17068284169398
62887554316301
20391363251041
17490977885792
85242655794474

82249578165884
19327842357300
85608787492130
64581710682321
87114990368396
75306383796508
64025244119427
19707899420540

46901234852440
81693409623677
12574353019867
50248387589698
43880117654615
36905646315274
53702900881093
82873411097207

15809721467110
49582108572533
97631262098453
60714273648584
12440993561096
25806515296731
62307800449082
47432199083803

75401367983770
91546704536525
13827686014952
80379632894549
76990112587018
65408575618327
86203400991046
93926711042302

34745663296394
23178347168109
36903868457240
84642620927174
08224950193159
75619131853693
47016748225478
23408455470140

25954332713215
72698259638601
23102838549768
85357370179697
08775140612641
94361626842312
59019958774098
72508544590750

61219336503601
56728642738740
63046838192514
81315420125351
48551094706790
29370767896306
12473218559128
56148199124714

42327794869472
84135403195106
49604595273820
52928980683132
05882670164176
37916141574964
23019325887235
84295277230120

70085537213710
27968746938941
73147838056204
40302324126965
58220154917951
65391679857317
06433608225068
27248051064904

78685597329716
37164706194102
79207494856380
48983930236168
04331250127152
65912171457926
86019684335804
37304852660180

64485530213014
20986078936971
03170636458247
74342127128985
76224157910951
85391809650315
48733846225486
20276451487947

36589973372645
31451605421102
62706121895370
18283230735458
01138790476491
59247964196216
85042581339853
33301897550480

74489930213014
20587068537561
03160737498246
64342126128589
67224196510551
89351805790319
48633847229487
20267491386546

48695078472836
48361806321142
82708121956470
19294240746365
01449750378351
65237583158218
96032691445964
48401957660390

36899175475538
45381508329902
42705029612471
96264240748386
09146710375317
51837153915295
48032869441684
29609687380360

27899150450028
40221038269936
46530369716451
97674643548287
39147513250215
01825102910650
48326879441784
69739785283273

27899150450028
40281038269936
46530369716451
97674643548287
39147513250215
01825102910670
48326879441784
69739785283273

22899176176628
46281608259905
45706059315481
93534540748283
09143710276217
61827162916576
48025839441384
59309387280230

17428390496614
56148604128802
51906128732599
87275250954147
08357930196130
63419361836286
24012478553745
55708749440170

19720356058617
08174867124462
02568124932053
49290206507179
64309536158136
83715381438248
27612794003970
00924975876196

09246587780712
65123072143374
64870143954685
39496467862129
73569857180157
05218501350430
42714293665926
66973928277197

12840635037518
07189748149954
04357149264036
92420405308182
59602365137165
76813671967497
48514529006280
05249283781125

68597346740615
70152065192269
79460192839743
28987976475158
62378436140136
43514301230920
95619582773857
79862854056186

15768032834217
84179467169926
86324169506830
95658682387175
29085302134102
40713041904694
67216259880578
52569073471152

79086347645710
65102570182278
61475182938643
29896867460109
72369437145137
43014351235825
60718092663906
66912904507197

23594682480215
40157025197729
49820197369486
73934942845153
27643862180162
86518601760970
95219537446354
44397358052132

28457362260214
70149024159925
75620159835763
98587572674148
29378632160132
63416301930590
54215489773847
78829846042182

58724065469517
49173957123352
41659123802460
38284245647178
53048605169105
90716091309239
27512783440874
44853876975185

87913215338849
58496859406650
30158706720312
71073035139497
46237125418415
82941284628068
99540976332793
33756691895179

68520376079615
09154965124462
02769124832073
48280206705158
64308736179136
73517391439249
25612584003850
02864857956186

46785095793417
43172347182248
53943182608590
26865854957176
42056904193104
90719031203823
87418762550675
38642629674164

89524068467815
47153785123382
42687123902460
39294248645159
83049608167108
50516071307237
25812593440954
44923956758198

38542763460315
90152035142234
90630142874967
28489493695158
32798673160173
67516701270420
45314582997859
94832856053183

84379569360813
80132083172287
40680172457965
24749798693134
82594658160152
65316501250720
73817342995439
07482436438148

24798568760317
30172037192239
80630192459865
24948983687174
32584653160153
65716501250920
97319742885478
09432426473143

47975304006619
56198649128842
52046128732503
87275254059197
48357034106134
03910361836286
29412978553795
52748790694174

95478368460914
50142094172297
80690172537863
25758789684145
92385639160132
63416301230720
74917452883548
07592546549159

62579389980615
04152065172267
90860172437983
24749796895154
62394836180132
83518301230720
75617542993459
07462458456146

92430716559984
69840964820063
53169230232517
21325356154842
80752176819871
97481798079309
34683420557245
15260241946127

83469379470814
05142084162286
20780162536973
25659698794145
82395738170132
73417301230620
64816452993549
06582547548158

95068378074910
42102490162296
84794162536873
25658689780105
92385739174132
73017341234624
60916052883508
46592507509159

83650220697816
83164786154485
07987154325092
43530508906163
84203928197124
92619271427547
56815634002369
75384369368138

39876546840318
50182038172237
60430172957645
29796763468189
42569453140152
45814501250720
78317892665986
07932934783196

39768548340317
50172037162236
80430162956845
29698683487179
42589453140152
45714501250620
67316792885978
06932934673198

39798548740317
50172037162236
80430162956845
29698683487179
42589453140152
45714501250620
67316792885978
26932934673198

69788358754600
40172467102260
84564102930853
29098086587179
52389536154132
53715341234024
07610792883978
44962965076198

29093773064208
24105420185628
34624185978367
59893832630109
25739672164175
67016741574852
40218095337903
58925926822193

94768228730976
20175097165392
80390165426832
54648689387174
35284329130125
32713201520659
07916745882478
56495493699148

78347229305734
25136573146072
95075146824902
68489497093138
06298027105126
02310251625467
53714386992839
64876870477189

29086556743208
53107320187425
61423187958645
79896862460109
47569452143157
45014531753872
30218097665907
78927924802196

76385225940738
20139073189472
50470189628543
96865857453136
49256427140129
42314201920897
03718369552639
98679678637165

29633993640265
90167026157427
00420157895349
78583532436168
17938492140197
49614901790572
06215687332863
73827824529183

64369559378236
58130823160720
98728160456975
04649692793134
70594752178150
85317581058602
13216340992439
09423427625149

34637227605963
25168596138092
75095138423702
84347379076164
08274029105128
02610251825389
16913648779467
85498490392147

37935005928698
08194869134264
58268134703520
47375356259197
24057206128104
20912081408346
19613974556795
48764762360175

45847337829089
39186908146206
79209146534723
65457470278185
26375230129136
23812391639460
18014856770587
69506502403157

60965445928398
48197839167237
58238167046524
70605653259190
27450243128147
24912481748673
19316907553095
78037032634105

34738228790673
20175067135965
80960135423892
54348386987174
65284926190125
92719201520356
17613745886478
50465469362148

53657227640965
20168096158492
70490158325742
83537579476163
48273429140128
42614201820582
16915638779367
80398394592137

67965445928398
48197839167237
58238167046524
70605653259190
27450243128147
24912481748672
19316907553095
78037032634105

53688228640763
20167096157492
80490157325842
73538589486163
47283429140127
42614201720579
16915637889368
70397394592138

76833223845086
25180598170492
35495170627342
06763739438186
40236429145120
42814251025709
18917860339683
05690694792163

76433223450849
20148094178592
30590178627352
86763739534146
58236529150128
52415201820789
14917468339643
80698695792163

02566226537859
27158795108392
67397108420632
84046069365154
38264329137128
32513271827089
15910548669456
87498493092146

48500110536957
16259675249371
06376249814031
98480407305258
39108317236219
31523162916497
25724589007850
96879873471280

90644224637568
27165786195382
47387195029432
50904948346160
35240328137125
32613271527958
16819605448064
57085083982104

74800220835689
25186598176392
05395176427032
64740709308184
36204329135126
32813251625769
18917846009480
65496493792140

69755115734879
14278497268391
54394268016531
80605659357270
38150319234218
31723142814689
27926708559075
84098093691205

07944224936897
26198679108372
46376108520432
85054047349195
38245327136128
32913261826087
19710958447594
86578573072154

