35314217933498
93627459683131
06895901192860
31511298822542
86407314518789
04159565144725
86827324869264
09590014747499

15978982520114
25110992140089
51431396704616
67260541210784
56335331490199
31683088857092
45741706357487
19321268179324

95481865580164
11916352413978
37852028906452
67189925161893
40393863601983
21546120252444
28790066310597
97010627032548

69433865199683
13411098764789
81136461276036
05712263737805
51282105099214
69390760656275
41827044390708
98424768456091

95481865580164
11516352413978
37217012006452
67420186861893
40931893901983
21186903452445
28710056310597
97011627032548

62471555309892
70418802917877
82026256266453
16991115505813
17702505010949
71591259640664
92336548915223
83786173127680

06988703466078
48974567209206
74480904120580
53241198822753
26313416518149
07865993680628
94719386319297
67919207230564

94055593744965
75067846290264
67759097129859
83271128833659
24313714518172
96548003459425
07610354310206
56010266039847

06733409866043
83748564207206
48830098129530
59281173322459
26919216513187
04365779630623
78417936917274
64717204790568

20311924800291
81338609723720
98812248574612
64785531177364
70454850651583
29196334012071
38933405453739
09353729342608

68974465288647
87942184069068
42276652365176
15043397752410
08515234130339
64781995806820
22436078539294
84936864956182

39471138249317
97412591634639
12273382038573
58610047782158
69858201506004
37795448963926
21103679104265
91403985418792

19704418279140
90742569836039
42201182318501
58643370082458
69858234536337
10095771961926
22431609437265
94731985748092

65448869305684
54083258760765
03346693169246
29781194493829
75829318217410
64452006576537
33811745810372
58006592089453

56001154496510
65913861759756
93335543254805
84712290043184
76184321827029
50068995675637
33122706129378
61995648914063

82447781192874
24976027389382
96648816581048
01375594416701
32701657053459
84420998238263
66755342759648
27958210971471

42117765562250
21950827349642
90014430643814
83657791130587
32583075876179
45128994564206
00572612579014
27934238953953

76132275536628
61328962473476
38817758475917
95420031158290
56295802904103
75169337647684
88206416203817
68357659325325

49132245539926
91326792843849
36614456845714
75820031156270
59275602708103
45197334984968
66209819203614
96354957325325

82667781192876
26973027489482
93368813581068
01075596613701
42101357054659
52420998248234
33155462759368
27958210971671

56129953326694
61294769852856
24415534853715
73890021134970
36973409708103
53167225685648
44900816902415
69235937293293

87445581197854
74956077289287
96648816381048
01253394416501
27501635032439
37470998728762
66533247539648
75938710951451

97250032237701
72384570193199
34429984198529
58106632284056
87058410561563
73275339719741
62067127063429
94389785308308

57124401107749
71083274950955
03315583958215
28946601183426
87428394269260
70172005795739
61467917360311
50085782048048

79562235539928
95341692873877
31157741874657
64820035541260
49269182608603
93596337987918
05209859103157
71147846324324

42190061162203
21685920346344
65514485348914
98307761185097
82098530973976
26129664234253
71072312576514
45684381608608

79412284489926
94853192678672
43347753675147
15620004453210
59215352106108
98491887167936
01209649308347
73557651825825

87724437431115
87369214583588
39978869586278
26540037769420
61421954205203
13712338158195
07401571903978
89368562346346

67862298897724
78943172569564
83386643564186
14520098843210
47214352105109
79871932186735
08207571509386
63945541924924

62867798892274
28953127469465
83386653465186
15470009853710
52715347104109
49821996146234
08702587309386
63954541924975

67862298897224
72943172569564
83386643564186
14520004453210
47214257105109
79871889136735
08207346209386
63945541924914

47756637631129
47382516943944
32274482948574
58960037782650
81651296509503
18715334194129
27601971203274
42384985368368

73322483481145
79869214578577
88937769576237
26540083369420
61421954205208
18312887157195
03401531908937
79867669944846

87286692290674
76943176589584
23328843584128
14560092243610
47614356105109
79271988718735
02607527309328
88945842964914

87086650052674
76543176985988
03308843984108
14962250043612
47614396129125
75071588718739
20627907325308
88549840564514

67568895590833
78932178469463
52256632463116
13480095532810
37813248104109
79571966716724
05807457209254
66934635083913

82384493390426
24965124789786
35538865786138
16740093365410
62416574107109
29321988218257
03402732509538
68967863046916

87286690290674
76943176589584
23328843584128
14560092243610
45614356105109
79271988718735
02607527309328
88945842964914

83289972270934
39746139537584
46628846584128
14590072246910
43914659105107
37231788318365
02903523607628
48745842094714

98296670270684
86743186597594
23329943594129
14560072243610
45614356105107
87281799819835
02608528307329
99745942764714

82383799790724
27926127589584
36638846584138
14570093346710
42714657105109
29321988218265
03702532609638
48945843774914

76874489482493
64830114978973
50057730673117
13942285530412
36413094129128
88561877617609
25426956628059
71839735243813

52476673670624
26749126857854
39935549854135
14860073349610
42614986108107
27321755215298
33602832907935
15748543064714

03519925524976
39266139732706
98850068706150
16794425568914
63916879147142
32531200310387
45943753842850
60267065496216

82433799790720
27925127689684
35538845684138
14670093345710
42714667106109
29321981218256
93702632509536
48956843774916

27525689580594
70843115968927
63362843724142
14950086643540
47514395109158
28671822712739
02507667308369
21079946394814

56882214290263
62937162859853
97745537853145
13820094437210
36213182108109
69461955615678
94206846709745
15938534023913

40218825123876
08226108732746
89954469746154
16783325569813
60816978137132
09501244014097
35830750932954
64287165386216

72055943512758
63812430693276
35681972045013
79065198172134
64924035837890
48248764590647
81365976201214
99632512634175
