60329549914720
02133526109246
15538069128154
92976500707318
08813449704607
57523794199153
87334566878015
46117487455172

97047433680160
79044509496253
33719070987061
36199768194129
86751278696231
39985809399418
90092119829500
52079125238578

33640137031650
20523725825267
99349675291810
41951471029160
75374780230753
26875824622384
46332361738938
17424067158215

51642644553753
78921185133173
88405220717725
90337905491354
72939212943742
72906529338080
06014676819961
80105374044477

23053609462011
09274387072957
50454851849391
78111522637582
30091632012689
72169182767852
02475239446541
59107631302514

80560553718287
53897049592360
65767462473037
64222688105649
01182108520342
67338245919520
17965803773904
58214112058114

84154513078980
13820462162393
51050659603480
26999588741545
42139748192763
27273961271652
68025843007170
43915779418510

82342336718580
36129362722053
43040945906240
79555488123424
23365128357196
71716593713947
38074826001310
46537115238450

34924689132521
89201470870959
68161765719461
07555622348040
48895342850369
03039578038760
72106249113831
49586335482651

09129783102521
83261946846353
78371475413971
64555722098696
98835792857463
60603568470606
42167293118801
93587005986751

34904729830508
89068416211958
72878175189478
61555700348646
42295340256379
63639512632176
10867049883250
49527335420758

84914659781217
59137403503929
65767062079467
30222611845340
45592841523869
38389205385063
01736149778587
49256882411627

43753027944659
47589318218767
02909106197309
81666056432838
36476435268415
84847612842120
15980537990723
37620446385069

06926749809528
09218631439959
74578375389678
13155725065161
64095962451079
10109534103376
32817269882418
69547005627748

43563025904769
45689358210575
02909107195309
81777067432838
37457436278416
64845712842120
16980635994523
35720447386079

47617806904319
46159765025636
80989283296789
22333813470575
73463471035421
14549620540208
21958176994607
76308443751839

56306823955409
53019631271343
82989784793689
14444804582161
64534560211570
15153472152728
70918053995326
63428554670849

79629846570225
96215901406636
84585083056985
10333823793191
94763792431786
17176304170089
02518296552475
96346773928845

37127451643826
31296719006181
45646048361746
90895428675979
78318372589302
23931805935054
02694271663157
71854338792286

71901469577805
79025192632989
46545348359145
23888408716212
18898710682730
07275936270364
00524019557961
19864779120485

26546785072940
25410651831195
78070379305670
13999749268161
39259264891234
42101538124387
44017465002586
65987229614790

19679326831078
16748964558106
32838530186938
45082370291494
90160197204157
71416052412523
57843736881629
96023810947708

29149731672546
21486918006251
73676075261976
80503745693898
95215294358204
42821503823037
08687471662139
91533221984456

36156901893258
31548614771361
90898792781698
47080952860454
62312365024375
93471270430749
75849581883106
61209832649528

52812038905419
58168286779528
03902704591209
67493014921626
20714521346741
15658473653730
71960968995832
28430159260149

19679326831078
16748964558106
32838530186938
45082370291494
90160197204157
71416052412523
57843731881629
96023810947708

50310823768517
83147034992803
62760965873067
49572615701404
06915801214958
16483592482926
91746743728320
03526187046157

39129761873420
31208910558391
76878574381978
05486724891090
94314392640352
23031456032567
52807271882169
91467834106248

36186901293782
31852615441361
90292497421692
54020987260585
67317368075348
93541740530459
48259821223106
61709237659872

13659806728167
26598369440816
20723421826327
94170251775938
32451835019418
52916140980402
45793796708603
36102582392517

17654906829158
96549764330916
20827321926728
43180251285479
72351975014319
57496130490302
35847846849607
76112592782518

14567325803168
35673457992315
02804901305408
79182061086748
40961346217913
64735192732920
96874875873524
45110630480618

17654306933159
36543764880316
20927821326729
48190251295479
72851375014813
57436180430802
85947946943607
76112532795519

15469804688126
84298549770814
30635731834536
97160321362956
53721852019718
25984170984703
72695694698405
54113283562216

14735907399133
97259475660917
80384681987453
56130821832543
48621942015619
24597160597608
62354357359704
47118298432213

18635706977139
76357865440016
20928421726824
54190231293589
82431783015417
38576140576407
43958956957608
86112372893319

99807528655106
58075987332218
42649341548943
73162401460796
94301590216315
09758132758925
30679678675821
98117054960016

19648706577145
76487968330016
20529321726923
83150241254895
92341794018317
49876130876307
31589586587609
96112472954415

18954739277152
79547894663319
03208601709802
96123051025482
80651785314617
58479163479637
66348249247938
89110570825512

18623906799127
96239863550016
40748541946845
35170421472387
84521982013518
28396150396309
52738736739608
86114294872217

14826308933129
38863485770018
60914761368467
57190621692549
46721342015513
24538170538703
72954758913804
48116236492211

65214942791618
92139527004462
34875036932530
70684316381758
53016951460169
15792604792049
25875872879285
88463193581168

40513925891416
95139058772245
32680734935037
87462314361806
03714901247149
10895472895729
50680685689560
66243193061146

42318901691417
93189236550043
80762584983285
65470814871627
28514921045149
12693450693509
32762763769372
77048198271147

36718987591312
97149675008837
48256043947640
50328413421562
64013961850139
16597308597089
76256257319726
22834194221132

42317973691418
93159236007743
57862054953250
60487514581628
25014921760149
12693407693079
32862863419382
88745195881148

24513705971216
75137459880025
30694832735438
98260312361946
43812741028117
14975280975807
54694695697564
66023173461126

34211902891315
92169428710032
60584763962467
87650613651845
46713941037139
14892370892709
24584582589254
55036186451135

53211942091518
92169321774452
64803765962367
07684615681038
36715931457159
13092574092749
23803802809283
88456106381158

34211902891315
92169428770032
60584763962467
87650613651845
46713941037139
14892370892709
28584582589254
55036196451135

76312253921719
23182634005573
85946087283680
40795817891469
68017261540172
16423705423052
36946943712396
99578128991179

60492154890913
94129048775564
25380726924027
87235216231803
02716901567169
10894675894759
45380384389430
43521192031163

92016310531947
30163205884490
64752869360268
48674619671527
29819321498193
12530984530843
04752750753072
07426136271197

92016310531947
30163205884490
64752869360268
48074619671527
29819321498193
12530984530843
04752750753072
07486136271197

82319513751806
53195237660083
90472698593294
06240918941724
28618521086185
12753860753605
30472473475342
34069159241184

62418914791648
94189247550064
50372586984288
65830816831723
26516921065169
12794650794509
84372374379432
63058198231163

73092150697914
90129306285570
25463827920328
68245217241634
32817931578179
13690785690859
05463460469043
04521192341124

52310813981504
83168239770053
62492765863264
97640615641924
25715821057158
12983570983708
30492493498342
34066186241155

82510415941899
45104259776685
06392708405200
67036018231923
28718421687184
12945876945764
05392395394532
83670140231183

37619216451346
26102764529936
09847503206708
65089013081478
73513271935132
17426359426592
62847846842687
63920120781133

62014810981806
80158209774460
52392756850253
67534516531923
26716821467168
12980674982748
04392390398032
05455185231163

63517215841684
25102358427765
07983406205309
54097016091839
36416231764162
13825647825472
27983985982593
56720120391166

37619216451345
26102764529952
09847503206708
65089013081478
73513271935132
17426359426592
28847846842687
61920120781133

80514215671867
25132056724475
34960738235039
57394318391609
08718201487182
10625874625742
24960965962590
51423123091187

50318213471547
23162034728873
68940765263069
37698615691409
05715201857152
10423578423782
28940943942390
31826126091157

54310213681568
23172436820053
70964875273479
38790715791649
45815241058152
14623580623802
20964963962394
39027127491105

30817218451348
28162084527736
67940563268069
85699613691409
03513201735132
10428357428572
27940948942890
83726126091175

73510215481748
25162354820082
60943867265369
58690617691439
37817231078172
13425780425802
20943945942593
51026126391178

40917219531453
29162095327736
67850364269068
93687614681508
04314201743142
10529437529372
27850859852980
91726126481163

50816218431543
28172084326637
76940375278079
83796715791409
05315201653152
10428536428362
26940948942890
81627127591173

74516215831783
25102458326630
06984307205409
53096017091849
47317241673172
14825736825362
26984985982594
51620120791103

80614216731873
26152067324435
54970358256059
63594518591709
08318201483182
10726834726342
24970976972690
61425125891153

68715217431643
27152874320039
50948356257859
73590516591489
86316281063162
18427630427302
20948947942798
71025125691153

87915219431843
29162794325534
65047368269760
93605618601470
78318271583182
17429835429352
25047049042907
91526126801163

93640516271297
56215362750090
04823749546348
67480419481238
39719531097199
13256970256705
60823826825683
69074154381138

73950819241274
89218392480070
05623457859356
94560517561236
37417831074177
13289740289408
90623629628963
97045185361136

73450814261276
84218342680070
05923657854359
46590517591239
37617831076177
13284760284608
40923924928493
47065185391139

56900319241245
39213692437752
70826405309608
94087015081268
65415361754153
16239547239473
90826829823986
59740130681158

59409314261265
34213942637752
70829605304908
46087015081298
95615391756153
19234567234673
40829824823489
54760130981158

54466324172175
30123841730051
06918765364869
47690625692189
85725382057253
28134570134703
46918914913498
34076236892259

67744317251256
30213872530062
04928546347849
75490416491289
86516381065163
18237650237503
74928927923798
37054134891169

47700317261264
35213872635542
50928604307809
76095014091289
84614381546143
18237465237653
70928927923798
37560130891149

56728419019075
47014670948857
82306925427623
59238212331062
15915461859154
16047598047984
72306307304736
97892142631155

96510738208259
75237652870095
01426819715618
98140131443264
69839763098397
36275980275807
51426425427542
85091871643394

78410369209247
34263842930074
01528917314819
79150161556285
87967386079673
68234790234903
41528524523452
94071931856677

17830924524586
98529785490018
03657431938734
14360323662576
71421972014219
27598140198409
83657658659867
48012293762216

96510738208259
75237652870095
01426819715618
98140131443264
69839763098397
36275980275807
51426425427542
85091871643399

76410839209247
84238642980074
01526917814619
79150131553265
67937863079378
36284790284908
41526524528452
94071981653377

17864920540533
98529785294418
46357061968760
10634626332573
71021972410219
27598104198049
86357358359837
08412296732213

17830529429486
58425784950018
03647931538739
19360323662471
71921572019215
27458190158905
83647648645867
98012253762216

76025834154107
80138601485570
52916427820624
74295232993169
67437863574378
36180745180458
02916910918091
40572482693377

18760927504533
97529875290017
06358461967864
14630626332583
81421982014219
28597140197409
76358357359738
47012296832213

18034629529507
60526805964410
43758931630839
19374323772581
81921682419216
28560194160946
03758750756078
90412263872217

16580923432441
95421654690013
08746381985635
13870828772497
61321962013290
26495130195309
58746745749573
35062298671217

78329514014524
53105831459973
92618427523826
74269208260189
87407580974079
38153749153497
32618613615321
90942652060075

29456142036031
64037940765524
58109682684978
27815838113091
92732693527326
39064275264756
48109104106419
75553368913321

18436524029047
54025840956614
63708931534839
19376323772081
81921582619215
28054196154965
43708704705478
94612253872217

10956728382331
79321093076618
65430851759089
18546525442374
01821702618273
20379186179867
95430439437948
89602275041214

25897182433431
78436584679928
90145702708560
26019030113451
52632753926327
35478269278697
80145148147815
66993370510321

15486324029047
34023540936614
68705981384589
19876828772051
51921352619213
25034196134963
48705704703475
94612238572217

74615620320010
86238462085576
81924017816419
70195134193246
47037843570376
34286705286057
61924926928612
86501981493340

18470529392331
54321843850019
07638971574897
19760727662354
81921582019253
28354190154905
47638634635469
94082257861216

76429815315925
84138641589474
92016527824620
75209236203163
67537863975379
46184759184590
32016014018421
33952082303377

17630829429465
86428764780016
03547931836739
19350323552479
71921872019218
27486190186908
63547546548657
96012283752215

09974629132130
64126591364401
47815370679578
93784720782158
50320652403206
25169034169346
94815819816985
59337267582208

